0.01 0.00999933
0.02 0.0199947
0.03 0.029982
0.04 0.0399573
0.05 0.0499167
0.06 0.0598561
0.07 0.0697716
0.08 0.0796591
0.09 0.0895148
0.1 0.0993347
0.11 0.109115
0.12 0.118851
0.13 0.12854
0.14 0.138178
0.15 0.14776
0.16 0.157283
0.17 0.166744
0.18 0.176137
0.19 0.18546
0.2 0.194709
0.21 0.20388
0.22 0.21297
0.23 0.221974
0.24 0.23089
0.25 0.239713
0.26 0.24844
0.27 0.257068
0.28 0.265593
0.29 0.274012
0.3 0.282321
0.31 0.290518
0.32 0.298598
0.33 0.306558
0.34 0.314397
0.35 0.322109
0.36 0.329692
0.37 0.337144
0.38 0.344461
0.39 0.35164
0.4 0.358678
0.41 0.365573
0.42 0.372322
0.43 0.378921
0.44 0.385369
0.45 0.391663
0.46 0.397801
0.47 0.403779
0.48 0.409596
0.49 0.415249
0.5 0.420735
0.51 0.426054
0.52 0.431202
0.53 0.436178
0.54 0.440979
0.55 0.445604
0.56 0.45005
0.57 0.454317
0.58 0.458402
0.59 0.462303
0.6 0.46602
0.61 0.46955
0.62 0.472892
0.63 0.476045
0.64 0.479008
0.65 0.481779
0.66 0.484358
0.67 0.486742
0.68 0.488932
0.69 0.490927
0.7 0.492725
0.71 0.494326
0.72 0.495729
0.73 0.496934
0.74 0.49794
0.75 0.498747
0.76 0.499355
0.77 0.499763
0.78 0.499971
0.79 0.499979
0.8 0.499787
0.81 0.499395
0.82 0.498803
0.83 0.498012
0.84 0.497022
0.85 0.495832
0.86 0.494445
0.87 0.49286
0.88 0.491077
0.89 0.489098
0.9 0.486924
0.91 0.484555
0.92 0.481991
0.93 0.479236
0.94 0.476288
0.95 0.47315
0.96 0.469823
0.97 0.466308
0.98 0.462606
0.99 0.458719
1 0.454649
1.01 0.450397
1.02 0.445964
1.03 0.441354
1.04 0.436566
1.05 0.431605
1.06 0.42647
1.07 0.421165
1.08 0.415692
1.09 0.410052
1.1 0.404248
1.11 0.398283
1.12 0.392158
1.13 0.385876
1.14 0.37944
1.15 0.372853
1.16 0.366116
1.17 0.359232
1.18 0.352205
1.19 0.345037
1.2 0.337732
1.21 0.330291
1.22 0.322718
1.23 0.315015
1.24 0.307187
1.25 0.299236
1.26 0.291165
1.27 0.282978
1.28 0.274678
1.29 0.266267
1.3 0.257751
1.31 0.249131
1.32 0.240411
1.33 0.231596
1.34 0.222687
1.35 0.21369
1.36 0.204607
1.37 0.195442
1.38 0.1862
1.39 0.176882
1.4 0.167494
1.41 0.158039
1.42 0.148521
1.43 0.138943
1.44 0.12931
1.45 0.119625
1.46 0.109892
1.47 0.100115
1.48 0.0902981
1.49 0.0804452
1.5 0.07056
1.51 0.0606466
1.52 0.050709
1.53 0.0407511
1.54 0.0307769
1.55 0.0207903
1.56 0.0107955
1.57 0.000796329
1.58 -0.00920315
1.59 -0.019199
1.6 -0.0291871
1.61 -0.0391635
1.62 -0.0491243
1.63 -0.0590654
1.64 -0.0689829
1.65 -0.0788728
1.66 -0.0887312
1.67 -0.0985541
1.68 -0.108338
1.69 -0.118078
1.7 -0.127771
1.71 -0.137412
1.72 -0.146999
1.73 -0.156527
1.74 -0.165993
1.75 -0.175392
1.76 -0.18472
1.77 -0.193975
1.78 -0.203153
1.79 -0.212249
1.8 -0.22126
1.81 -0.230183
1.82 -0.239014
1.83 -0.247749
1.84 -0.256385
1.85 -0.264918
1.86 -0.273346
1.87 -0.281664
1.88 -0.289869
1.89 -0.297959
1.9 -0.305929
1.91 -0.313777
1.92 -0.321499
1.93 -0.329093
1.94 -0.336555
1.95 -0.343883
1.96 -0.351073
1.97 -0.358123
1.98 -0.365029
1.99 -0.37179
2 -0.378401
2.01 -0.384862
2.02 -0.391168
2.03 -0.397318
2.04 -0.403309
2.05 -0.409139
2.06 -0.414805
2.07 -0.420305
2.08 -0.425637
2.09 -0.430798
2.1 -0.435788
2.11 -0.440603
2.12 -0.445242
2.13 -0.449703
2.14 -0.453984
2.15 -0.458083
2.16 -0.461999
2.17 -0.46573
2.18 -0.469275
2.19 -0.472633
2.2 -0.475801
2.21 -0.478779
2.22 -0.481565
2.23 -0.484159
2.24 -0.486559
2.25 -0.488765
2.26 -0.490775
2.27 -0.492589
2.28 -0.494206
2.29 -0.495625
2.3 -0.496846
2.31 -0.497868
2.32 -0.498691
2.33 -0.499314
2.34 -0.499738
2.35 -0.499962
2.36 -0.499986
2.37 -0.499809
2.38 -0.499433
2.39 -0.498858
2.4 -0.498082
2.41 -0.497108
2.42 -0.495934
2.43 -0.494563
2.44 -0.492993
2.45 -0.491226
2.46 -0.489263
2.47 -0.487104
2.48 -0.48475
2.49 -0.482203
2.5 -0.479462
2.51 -0.47653
2.52 -0.473407
2.53 -0.470095
2.54 -0.466594
2.55 -0.462907
2.56 -0.459035
2.57 -0.45498
2.58 -0.450742
2.59 -0.446324
2.6 -0.441727
2.61 -0.436954
2.62 -0.432006
2.63 -0.426885
2.64 -0.421594
2.65 -0.416134
2.66 -0.410507
2.67 -0.404716
2.68 -0.398764
2.69 -0.392651
2.7 -0.386382
2.71 -0.379958
2.72 -0.373383
2.73 -0.366658
2.74 -0.359786
2.75 -0.35277
2.76 -0.345613
2.77 -0.338318
2.78 -0.330888
2.79 -0.323325
2.8 -0.315633
2.81 -0.307815
2.82 -0.299874
2.83 -0.291812
2.84 -0.283634
2.85 -0.275343
2.86 -0.266941
2.87 -0.258433
2.88 -0.249821
2.89 -0.241109
2.9 -0.232301
2.91 -0.2234
2.92 -0.21441
2.93 -0.205333
2.94 -0.196175
2.95 -0.186938
2.96 -0.177627
2.97 -0.168244
2.98 -0.158794
2.99 -0.149281
3 -0.139708
3.01 -0.130079
3.02 -0.120398
3.03 -0.110669
3.04 -0.100895
3.05 -0.0910813
3.06 -0.081231
3.07 -0.0713483
3.08 -0.061437
3.09 -0.0515012
3.1 -0.0415447
3.11 -0.0315716
3.12 -0.0215859
3.13 -0.0115916
3.14 -0.00159266
3.15 0.00840695
3.16 0.0184032
3.17 0.0283921
3.18 0.0383696
3.19 0.0483318
3.2 0.0582746
3.21 0.0681941
3.22 0.0780864
3.23 0.0879474
3.24 0.0977733
3.25 0.10756
3.26 0.117304
3.27 0.127
3.28 0.136646
3.29 0.146238
3.3 0.155771
3.31 0.165241
3.32 0.174646
3.33 0.18398
3.34 0.193241
3.35 0.202425
3.36 0.211528
3.37 0.220546
3.38 0.229476
3.39 0.238314
3.4 0.247057
3.41 0.255701
3.42 0.264242
3.43 0.272678
3.44 0.281005
3.45 0.28922
3.46 0.297319
3.47 0.305299
3.48 0.313157
3.49 0.320889
3.5 0.328493
3.51 0.335966
3.52 0.343305
3.53 0.350506
3.54 0.357567
3.55 0.364485
3.56 0.371257
3.57 0.37788
3.58 0.384353
3.59 0.390671
3.6 0.396834
3.61 0.402838
3.62 0.40868
3.63 0.414359
3.64 0.419873
3.65 0.425218
3.66 0.430394
3.67 0.435397
3.68 0.440226
3.69 0.444879
3.7 0.449354
3.71 0.453649
3.72 0.457763
3.73 0.461694
3.74 0.46544
3.75 0.469
3.76 0.472372
3.77 0.475556
3.78 0.478549
3.79 0.481351
3.8 0.48396
3.81 0.486375
3.82 0.488597
3.83 0.490622
3.84 0.492452
3.85 0.494084
3.86 0.495519
3.87 0.496756
3.88 0.497793
3.89 0.498632
3.9 0.499272
3.91 0.499711
3.92 0.499951
3.93 0.499991
3.94 0.499831
3.95 0.499471
3.96 0.498911
3.97 0.498151
3.98 0.497193
3.99 0.496035
4 0.494679
4.01 0.493125
4.02 0.491374
4.03 0.489427
4.04 0.487283
4.05 0.484945
4.06 0.482413
4.07 0.479687
4.08 0.47677
4.09 0.473663
4.1 0.470365
4.11 0.46688
4.12 0.463208
4.13 0.45935
4.14 0.455309
4.15 0.451086
4.16 0.446682
4.17 0.4421
4.18 0.437341
4.19 0.432407
4.2 0.427299
4.21 0.422021
4.22 0.416575
4.23 0.410961
4.24 0.405183
4.25 0.399244
4.26 0.393144
4.27 0.386887
4.28 0.380476
4.29 0.373912
4.3 0.367199
4.31 0.360338
4.32 0.353334
4.33 0.346188
4.34 0.338904
4.35 0.331485
4.36 0.323932
4.37 0.316251
4.38 0.308442
4.39 0.300511
4.4 0.292459
4.41 0.28429
4.42 0.276007
4.43 0.267614
4.44 0.259114
4.45 0.25051
4.46 0.241807
4.47 0.233006
4.48 0.224112
4.49 0.215129
4.5 0.206059
4.51 0.196907
4.52 0.187677
4.53 0.178371
4.54 0.168994
4.55 0.159549
4.56 0.150041
4.57 0.140472
4.58 0.130847
4.59 0.12117
4.6 0.111445
4.61 0.101675
4.62 0.0918641
4.63 0.0820167
4.64 0.0721364
4.65 0.0622272
4.66 0.0522932
4.67 0.0423382
4.68 0.0323663
4.69 0.0223815
4.7 0.0123877
4.71 0.00238898
4.72 -0.00761072
4.73 -0.0176074
4.74 -0.027597
4.75 -0.0375756
4.76 -0.0475391
4.77 -0.0574836
4.78 -0.0674052
4.79 -0.0772997
4.8 -0.0871634
4.81 -0.0969922
4.82 -0.106782
4.83 -0.116529
4.84 -0.12623
4.85 -0.13588
4.86 -0.145476
4.87 -0.155014
4.88 -0.164489
4.89 -0.173899
4.9 -0.18324
4.91 -0.192507
4.92 -0.201697
4.93 -0.210806
4.94 -0.219831
4.95 -0.228768
4.96 -0.237614
4.97 -0.246364
4.98 -0.255016
4.99 -0.263566
5 -0.272011
5.01 -0.280346
5.02 -0.28857
5.03 -0.296678
5.04 -0.304668
5.05 -0.312535
5.06 -0.320278
5.07 -0.327893
5.08 -0.335376
5.09 -0.342725
5.1 -0.349937
5.11 -0.35701
5.12 -0.363939
5.13 -0.370723
5.14 -0.377358
5.15 -0.383843
5.16 -0.390174
5.17 -0.396349
5.18 -0.402365
5.19 -0.408221
5.2 -0.413913
5.21 -0.41944
5.22 -0.424799
5.23 -0.429988
5.24 -0.435005
5.25 -0.439848
5.26 -0.444515
5.27 -0.449004
5.28 -0.453314
5.29 -0.457442
5.3 -0.461388
5.31 -0.465149
5.32 -0.468723
5.33 -0.472111
5.34 -0.475309
5.35 -0.478318
5.36 -0.481135
5.37 -0.483759
5.38 -0.48619
5.39 -0.488427
5.4 -0.490468
5.41 -0.492313
5.42 -0.493961
5.43 -0.495412
5.44 -0.496664
5.45 -0.497718
5.46 -0.498573
5.47 -0.499228
5.48 -0.499684
5.49 -0.499939
5.5 -0.499995
5.51 -0.499851
5.52 -0.499507
5.53 -0.498963
5.54 -0.498219
5.55 -0.497276
5.56 -0.496135
5.57 -0.494794
5.58 -0.493256
5.59 -0.491521
5.6 -0.489589
5.61 -0.487461
5.62 -0.485138
5.63 -0.482621
5.64 -0.479911
5.65 -0.47701
5.66 -0.473917
5.67 -0.470635
5.68 -0.467164
5.69 -0.463507
5.7 -0.459664
5.71 -0.455638
5.72 -0.451429
5.73 -0.447039
5.74 -0.442471
5.75 -0.437726
5.76 -0.432806
5.77 -0.427712
5.78 -0.422448
5.79 -0.417015
5.8 -0.411414
5.81 -0.40565
5.82 -0.399722
5.83 -0.393636
5.84 -0.387391
5.85 -0.380992
5.86 -0.37444
5.87 -0.367739
5.88 -0.36089
5.89 -0.353897
5.9 -0.346763
5.91 -0.339489
5.92 -0.33208
5.93 -0.324539
5.94 -0.316867
5.95 -0.309069
5.96 -0.301147
5.97 -0.293104
5.98 -0.284944
5.99 -0.276671
6 -0.268286
6.01 -0.259795
6.02 -0.251199
6.03 -0.242503
6.04 -0.23371
6.05 -0.224824
6.06 -0.215847
6.07 -0.206785
6.08 -0.197639
6.09 -0.188415
6.1 -0.179115
6.11 -0.169743
6.12 -0.160304
6.13 -0.1508
6.14 -0.141236
6.15 -0.131616
6.16 -0.121943
6.17 -0.112221
6.18 -0.102454
6.19 -0.0926468
6.2 -0.0828021
6.21 -0.0729243
6.22 -0.0630173
6.23 -0.0530851
6.24 -0.0431316
6.25 -0.033161
6.26 -0.023177
6.27 -0.0131838
6.28 -0.00318529
6.29 0.00681447
6.3 0.0168115
6.31 0.0268018
6.32 0.0367814
6.33 0.0467463
6.34 0.0566925
6.35 0.066616
6.36 0.0765129
6.37 0.0863791
6.38 0.0962108
6.39 0.106004
6.4 0.115755
6.41 0.125459
6.42 0.135114
6.43 0.144714
6.44 0.154256
6.45 0.163737
6.46 0.173152
6.47 0.182498
6.48 0.191771
6.49 0.200968
6.5 0.210084
6.51 0.219115
6.52 0.22806
6.53 0.236913
6.54 0.245671
6.55 0.254331
6.56 0.262889
6.57 0.271342
6.58 0.279687
6.59 0.287919
6.6 0.296037
6.61 0.304036
6.62 0.311913
6.63 0.319666
6.64 0.327291
6.65 0.334785
6.66 0.342145
6.67 0.349368
6.68 0.356452
6.69 0.363392
6.7 0.370188
6.71 0.376835
6.72 0.383332
6.73 0.389675
6.74 0.395863
6.75 0.401892
6.76 0.407761
6.77 0.413466
6.78 0.419006
6.79 0.424378
6.8 0.429581
6.81 0.434612
6.82 0.439469
6.83 0.44415
6.84 0.448653
6.85 0.452977
6.86 0.45712
6.87 0.46108
6.88 0.464856
6.89 0.468446
6.9 0.471848
6.91 0.475061
6.92 0.478085
6.93 0.480917
6.94 0.483557
6.95 0.486004
6.96 0.488256
6.97 0.490313
6.98 0.492173
6.99 0.493837
7 0.495304
7.01 0.496572
7.02 0.497642
7.03 0.498512
7.04 0.499183
7.05 0.499655
7.06 0.499926
7.07 0.499998
7.08 0.49987
7.09 0.499541
7.1 0.499013
7.11 0.498286
7.12 0.497359
7.13 0.496233
7.14 0.494908
7.15 0.493386
7.16 0.491666
7.17 0.48975
7.18 0.487638
7.19 0.48533
7.2 0.482829
7.21 0.480134
7.22 0.477248
7.23 0.47417
7.24 0.470903
7.25 0.467448
7.26 0.463805
7.27 0.459977
7.28 0.455965
7.29 0.451771
7.3 0.447396
7.31 0.442842
7.32 0.43811
7.33 0.433204
7.34 0.428124
7.35 0.422873
7.36 0.417453
7.37 0.411866
7.38 0.406115
7.39 0.4002
7.4 0.394126
7.41 0.387894
7.42 0.381507
7.43 0.374967
7.44 0.368278
7.45 0.361441
7.46 0.354459
7.47 0.347336
7.48 0.340074
7.49 0.332675
7.5 0.325144
7.51 0.317483
7.52 0.309694
7.53 0.301782
7.54 0.293749
7.55 0.285598
7.56 0.277334
7.57 0.268958
7.58 0.260475
7.59 0.251888
7.6 0.243199
7.61 0.234414
7.62 0.225535
7.63 0.216565
7.64 0.207509
7.65 0.19837
7.66 0.189152
7.67 0.179858
7.68 0.170492
7.69 0.161058
7.7 0.151559
7.71 0.142
7.72 0.132384
7.73 0.122715
7.74 0.112997
7.75 0.103234
7.76 0.0934292
7.77 0.0835873
7.78 0.073712
7.79 0.0638072
7.8 0.0538768
7.81 0.0439249
7.82 0.0339555
7.83 0.0239725
7.84 0.0139798
7.85 0.0039816
7.86 -0.00601821
7.87 -0.0160156
7.88 -0.0260066
7.89 -0.0359872
7.9 -0.0459534
7.91 -0.0559012
7.92 -0.0658267
7.93 -0.0757258
7.94 -0.0855947
7.95 -0.0954293
7.96 -0.105226
7.97 -0.11498
7.98 -0.124688
7.99 -0.134347
8 -0.143952
8.01 -0.153499
8.02 -0.162985
8.03 -0.172405
8.04 -0.181757
8.05 -0.191036
8.06 -0.200238
8.07 -0.209361
8.08 -0.218399
8.09 -0.227351
8.1 -0.236211
8.11 -0.244977
8.12 -0.253645
8.13 -0.262211
8.14 -0.270673
8.15 -0.279026
8.16 -0.287268
8.17 -0.295395
8.18 -0.303403
8.19 -0.311291
8.2 -0.319053
8.21 -0.326688
8.22 -0.334193
8.23 -0.341564
8.24 -0.348798
8.25 -0.355893
8.26 -0.362845
8.27 -0.369652
8.28 -0.376312
8.29 -0.38282
8.3 -0.389176
8.31 -0.395376
8.32 -0.401418
8.33 -0.407299
8.34 -0.413018
8.35 -0.418571
8.36 -0.423957
8.37 -0.429173
8.38 -0.434217
8.39 -0.439088
8.4 -0.443784
8.41 -0.448301
8.42 -0.45264
8.43 -0.456797
8.44 -0.460772
8.45 -0.464562
8.46 -0.468167
8.47 -0.471584
8.48 -0.474812
8.49 -0.477851
8.5 -0.480699
8.51 -0.483354
8.52 -0.485816
8.53 -0.488084
8.54 -0.490156
8.55 -0.492033
8.56 -0.493712
8.57 -0.495194
8.58 -0.496478
8.59 -0.497564
8.6 -0.49845
8.61 -0.499137
8.62 -0.499624
8.63 -0.499912
8.64 -0.5
8.65 -0.499887
8.66 -0.499575
8.67 -0.499063
8.68 -0.498351
8.69 -0.49744
8.7 -0.49633
8.71 -0.495021
8.72 -0.493514
8.73 -0.49181
8.74 -0.48991
8.75 -0.487813
8.76 -0.485521
8.77 -0.483035
8.78 -0.480356
8.79 -0.477485
8.8 -0.474422
8.81 -0.47117
8.82 -0.46773
8.83 -0.464102
8.84 -0.460289
8.85 -0.456291
8.86 -0.452111
8.87 -0.447751
8.88 -0.443211
8.89 -0.438494
8.9 -0.433601
8.91 -0.428535
8.92 -0.423298
8.93 -0.417891
8.94 -0.412317
8.95 -0.406579
8.96 -0.400677
8.97 -0.394616
8.98 -0.388396
8.99 -0.382021
9 -0.375494
9.01 -0.368816
9.02 -0.36199
9.03 -0.35502
9.04 -0.347908
9.05 -0.340657
9.06 -0.333269
9.07 -0.325748
9.08 -0.318097
9.09 -0.310319
9.1 -0.302416
9.11 -0.294393
9.12 -0.286252
9.13 -0.277996
9.14 -0.269629
9.15 -0.261154
9.16 -0.252575
9.17 -0.243895
9.18 -0.235117
9.19 -0.226245
9.2 -0.217283
9.21 -0.208234
9.22 -0.199101
9.23 -0.189889
9.24 -0.180601
9.25 -0.17124
9.26 -0.161811
9.27 -0.152318
9.28 -0.142763
9.29 -0.133152
9.3 -0.123487
9.31 -0.113773
9.32 -0.104013
9.33 -0.0942114
9.34 -0.0843723
9.35 -0.0744995
9.36 -0.0645969
9.37 -0.0546685
9.38 -0.0447181
9.39 -0.0347499
9.4 -0.0247678
9.41 -0.0147758
9.42 -0.0047779
9.43 0.00522193
9.44 0.0152197
9.45 0.0252113
9.46 0.0351929
9.47 0.0451604
9.48 0.0551098
9.49 0.0650372
9.5 0.0749386
9.51 0.08481
9.52 0.0946475
9.53 0.104447
9.54 0.114205
9.55 0.123917
9.56 0.13358
9.57 0.143189
9.58 0.152741
9.59 0.162232
9.6 0.171657
9.61 0.181015
9.62 0.1903
9.63 0.199508
9.64 0.208637
9.65 0.217683
9.66 0.226641
9.67 0.235509
9.68 0.244282
9.69 0.252958
9.7 0.261533
9.71 0.270003
9.72 0.278365
9.73 0.286616
9.74 0.294752
9.75 0.30277
9.76 0.310667
9.77 0.31844
9.78 0.326085
9.79 0.3336
9.8 0.340982
9.81 0.348227
9.82 0.355333
9.83 0.362297
9.84 0.369115
9.85 0.375787
9.86 0.382308
9.87 0.388676
9.88 0.394888
9.89 0.400943
9.9 0.406837
9.91 0.412568
9.92 0.418135
9.93 0.423534
9.94 0.428764
9.95 0.433822
9.96 0.438707
9.97 0.443416
9.98 0.447948
9.99 0.452301
10 0.456473
10.01 0.460462
