0 0
0.016 0.009
0.032 0.0179902
0.048 0.0269706
0.064 0.0359412
0.08 0.044902
0.096 0.053853
0.112 0.0627942
0.128 0.0717256
0.144 0.0806472
0.16 0.089559
0.176 0.098461
0.192 0.107353
0.208 0.116236
0.224 0.125108
0.24 0.133971
0.256 0.142824
0.272 0.151667
0.288 0.160501
0.304 0.169324
0.32 0.178138
0.336 0.186942
0.352 0.195736
0.368 0.204521
0.384 0.213295
0.4 0.22206
0.416 0.230815
0.432 0.23956
0.448 0.248296
0.464 0.257021
0.48 0.265737
0.496 0.274443
0.512 0.283139
0.528 0.291826
0.544 0.300502
0.56 0.309169
0.576 0.317826
0.592 0.326473
0.608 0.335111
0.624 0.343738
0.64 0.352356
0.656 0.360964
0.672 0.369562
0.688 0.378151
0.704 0.386729
0.72 0.395298
0.736 0.403857
0.752 0.412406
0.768 0.420946
0.784 0.429475
0.8 0.437995
0.816 0.446505
0.832 0.455005
0.848 0.463496
0.864 0.471976
0.88 0.480447
0.896 0.488908
0.912 0.497359
0.928 0.505801
0.944 0.514232
0.96 0.522654
0.976 0.531066
0.992 0.539468
1.008 0.547861
1.024 0.556243
1.04 0.564616
1.056 0.572979
1.072 0.581332
1.088 0.589676
1.104 0.598009
1.12 0.606333
1.136 0.614647
1.152 0.622951
1.168 0.631246
1.184 0.63953
1.2 0.647805
1.216 0.65607
1.232 0.664325
1.248 0.672571
1.264 0.680806
1.28 0.689032
1.296 0.697248
1.312 0.705454
1.328 0.713651
1.344 0.721837
1.36 0.730014
1.376 0.738181
1.392 0.746338
1.408 0.754486
1.424 0.762623
1.44 0.770751
1.456 0.778869
1.472 0.786977
1.488 0.795076
1.504 0.803164
1.52 0.811243
1.536 0.819312
1.552 0.827371
1.568 0.835421
1.584 0.84346
1.6 0.85149
1.616 0.85951
1.632 0.86752
1.648 0.875521
1.664 0.883511
1.68 0.891492
1.696 0.899463
1.712 0.907424
1.728 0.915376
1.744 0.923317
1.76 0.931249
1.776 0.939171
1.792 0.947083
1.808 0.954986
1.824 0.962878
1.84 0.970761
1.856 0.978634
1.872 0.986497
1.888 0.994351
1.904 1.00219
1.92 1.01003
1.936 1.01785
1.952 1.02567
1.968 1.03347
1.984 1.04127
2 1.04905
2.016 1.05682
2.032 1.06459
2.048 1.07235
2.064 1.08009
2.08 1.08783
2.096 1.09555
2.112 1.10327
2.128 1.11098
2.144 1.11867
2.16 1.12636
2.176 1.13404
2.192 1.1417
2.208 1.14936
2.224 1.15701
2.24 1.16465
2.256 1.17227
2.272 1.17989
2.288 1.1875
2.304 1.1951
2.32 1.20269
2.336 1.21027
2.352 1.21784
2.368 1.2254
2.384 1.23295
2.4 1.24048
2.416 1.24801
2.432 1.25554
2.448 1.26305
2.464 1.27055
2.48 1.27804
2.496 1.28552
2.512 1.29299
2.528 1.30045
2.544 1.3079
2.56 1.31534
2.576 1.32278
2.592 1.3302
2.608 1.33761
2.624 1.34501
2.64 1.35241
2.656 1.35979
2.672 1.36716
2.688 1.37453
2.704 1.38188
2.72 1.38922
2.736 1.39656
2.752 1.40388
2.768 1.4112
2.784 1.4185
2.8 1.42579
2.816 1.43308
2.832 1.44036
2.848 1.44762
2.864 1.45488
2.88 1.46212
2.896 1.46936
2.912 1.47658
2.928 1.4838
2.944 1.49101
2.96 1.4982
2.976 1.50539
2.992 1.51257
3.008 1.51974
3.024 1.52689
3.04 1.53404
3.056 1.54118
3.072 1.54831
3.088 1.55543
3.104 1.56253
3.12 1.56963
3.136 1.57672
3.152 1.5838
3.168 1.59087
3.184 1.59793
3.2 1.60498
3.216 1.61202
3.232 1.61905
3.248 1.62607
3.264 1.63308
3.28 1.64008
3.296 1.64707
3.312 1.65405
3.328 1.66103
3.344 1.66799
3.36 1.67494
3.376 1.68188
3.392 1.68881
3.408 1.69574
3.424 1.70265
3.44 1.70955
3.456 1.71644
3.472 1.72333
3.488 1.7302
3.504 1.73706
3.52 1.74392
3.536 1.75076
3.552 1.7576
3.568 1.76442
3.584 1.77124
3.6 1.77804
3.616 1.78483
3.632 1.79162
3.648 1.7984
3.664 1.80516
3.68 1.81192
3.696 1.81866
3.712 1.8254
3.728 1.83213
3.744 1.83884
3.76 1.84555
3.776 1.85225
3.792 1.85893
3.808 1.86561
3.824 1.87228
3.84 1.87894
3.856 1.88558
3.872 1.89222
3.888 1.89885
3.904 1.90547
3.92 1.91208
3.936 1.91868
3.952 1.92527
3.968 1.93185
3.984 1.93842
4 1.94497
4.016 1.95152
4.032 1.95807
4.048 1.9646
4.064 1.97112
4.08 1.97763
4.096 1.98413
4.112 1.99062
4.128 1.9971
4.144 2.00357
4.16 2.01003
4.176 2.01649
4.192 2.02293
4.208 2.02936
4.224 2.03578
4.24 2.0422
4.256 2.0486
4.272 2.05499
4.288 2.06138
4.304 2.06775
4.32 2.07411
4.336 2.08047
4.352 2.08681
4.368 2.09315
4.384 2.09947
4.4 2.10578
4.416 2.11209
4.432 2.11839
4.448 2.12467
4.464 2.13095
4.48 2.13721
4.496 2.14347
4.512 2.14971
4.528 2.15595
4.544 2.16218
4.56 2.16839
4.576 2.1746
4.592 2.1808
4.608 2.18699
4.624 2.19316
4.64 2.19933
4.656 2.20549
4.672 2.21164
4.688 2.21778
4.704 2.2239
4.72 2.23002
4.736 2.23613
4.752 2.24223
4.768 2.24832
4.784 2.2544
4.8 2.26047
4.816 2.26653
4.832 2.27258
4.848 2.27862
4.864 2.28465
4.88 2.29067
4.896 2.29668
4.912 2.30268
4.928 2.30868
4.944 2.31466
4.96 2.32063
4.976 2.32659
4.992 2.33254
5.008 2.33849
5.024 2.34442
5.04 2.35034
5.056 2.35625
5.072 2.36216
5.088 2.36805
5.104 2.37393
5.12 2.37981
5.136 2.38567
5.152 2.39153
5.168 2.39737
5.184 2.40321
5.2 2.40903
5.216 2.41484
5.232 2.42065
5.248 2.42645
5.264 2.43223
5.28 2.43801
5.296 2.44377
5.312 2.44953
5.328 2.45528
5.344 2.46101
5.36 2.46674
5.376 2.47246
5.392 2.47816
5.408 2.48386
5.424 2.48955
5.44 2.49523
5.456 2.50089
5.472 2.50655
5.488 2.5122
5.504 2.51784
5.52 2.52347
5.536 2.52909
5.552 2.5347
5.568 2.5403
5.584 2.54589
5.6 2.55146
5.616 2.55703
5.632 2.5626
5.648 2.56815
5.664 2.57369
5.68 2.57922
5.696 2.58474
5.712 2.59025
5.728 2.59575
5.744 2.60124
5.76 2.60672
5.776 2.6122
5.792 2.61766
5.808 2.62311
5.824 2.62855
5.84 2.63399
5.856 2.63941
5.872 2.64482
5.888 2.65023
5.904 2.65562
5.92 2.661
5.936 2.66638
5.952 2.67174
5.968 2.6771
5.984 2.68244
6 2.68777
6.016 2.6931
6.032 2.69842
6.048 2.70372
6.064 2.70902
6.08 2.7143
6.096 2.71958
6.112 2.72484
6.128 2.7301
6.144 2.73535
6.16 2.74058
6.176 2.74581
6.192 2.75103
6.208 2.75624
6.224 2.76143
6.24 2.76662
6.256 2.7718
6.272 2.77697
6.288 2.78213
6.304 2.78727
6.32 2.79241
6.336 2.79754
6.352 2.80266
6.368 2.80777
6.384 2.81287
6.4 2.81796
6.416 2.82304
6.432 2.82811
6.448 2.83317
6.464 2.83822
6.48 2.84326
6.496 2.84829
6.512 2.85331
6.528 2.85833
6.544 2.86333
6.56 2.86832
6.576 2.8733
6.592 2.87827
6.608 2.88324
6.624 2.88819
6.64 2.89313
6.656 2.89806
6.672 2.90299
6.688 2.9079
6.704 2.9128
6.72 2.9177
6.736 2.92258
6.752 2.92746
6.768 2.93232
6.784 2.93718
6.8 2.94202
6.816 2.94685
6.832 2.95168
6.848 2.9565
6.864 2.9613
6.88 2.9661
6.896 2.97088
6.912 2.97566
6.928 2.98043
6.944 2.98518
6.96 2.98993
6.976 2.99467
6.992 2.99939
7.008 3.00411
7.024 3.00882
7.04 3.01352
7.056 3.0182
7.072 3.02288
7.088 3.02755
7.104 3.03221
7.12 3.03686
7.136 3.0415
7.152 3.04613
7.168 3.05075
7.184 3.05536
7.2 3.05995
7.216 3.06454
7.232 3.06913
7.248 3.0737
7.264 3.07826
7.28 3.08281
7.296 3.08735
7.312 3.09188
7.328 3.0964
7.344 3.10091
7.36 3.10541
7.376 3.10991
7.392 3.11439
7.408 3.11886
7.424 3.12332
7.44 3.12778
7.456 3.13222
7.472 3.13665
7.488 3.14108
7.504 3.14549
7.52 3.14989
7.536 3.15429
7.552 3.15867
7.568 3.16305
7.584 3.16741
7.6 3.17176
7.616 3.17611
7.632 3.18045
7.648 3.18477
7.664 3.18909
7.68 3.19339
7.696 3.19769
7.712 3.20197
7.728 3.20625
7.744 3.21052
7.76 3.21477
7.776 3.21902
7.792 3.22326
7.808 3.22749
7.824 3.2317
7.84 3.23591
7.856 3.24011
7.872 3.2443
7.888 3.24848
7.904 3.25264
7.92 3.2568
7.936 3.26095
7.952 3.26509
7.968 3.26922
7.984 3.27334
8 3.27745
8.016 3.28155
8.032 3.28564
8.048 3.28972
8.064 3.29379
8.08 3.29785
8.096 3.3019
8.112 3.30594
8.128 3.30998
8.144 3.314
8.16 3.31801
8.176 3.32201
8.192 3.326
8.208 3.32999
8.224 3.33396
8.24 3.33792
8.256 3.34187
8.272 3.34582
8.288 3.34975
8.304 3.35367
8.32 3.35759
8.336 3.36149
8.352 3.36539
8.368 3.36927
8.384 3.37315
8.4 3.37701
8.416 3.38086
8.432 3.38471
8.448 3.38855
8.464 3.39237
8.48 3.39619
8.496 3.39999
8.512 3.40379
8.528 3.40758
8.544 3.41135
8.56 3.41512
8.576 3.41888
8.592 3.42262
8.608 3.42636
8.624 3.43009
8.64 3.43381
8.656 3.43751
8.672 3.44121
8.688 3.4449
8.704 3.44858
8.72 3.45225
8.736 3.45591
8.752 3.45956
8.768 3.4632
8.784 3.46683
8.8 3.47044
8.816 3.47405
8.832 3.47766
8.848 3.48125
8.864 3.48483
8.88 3.4884
8.896 3.49196
8.912 3.49551
8.928 3.49905
8.944 3.50258
8.96 3.5061
8.976 3.50962
8.992 3.51312
9.008 3.51661
9.024 3.52009
9.04 3.52357
9.056 3.52703
9.072 3.53048
9.088 3.53393
9.104 3.53736
9.12 3.54078
9.136 3.5442
9.152 3.5476
9.168 3.551
9.184 3.55438
9.2 3.55775
9.216 3.56112
9.232 3.56448
9.248 3.56782
9.264 3.57116
9.28 3.57448
9.296 3.5778
9.312 3.5811
9.328 3.5844
9.344 3.58769
9.36 3.59096
9.376 3.59423
9.392 3.59749
9.408 3.60074
9.424 3.60397
9.44 3.6072
9.456 3.61042
9.472 3.61363
9.488 3.61683
9.504 3.62001
9.52 3.62319
9.536 3.62636
9.552 3.62952
9.568 3.63267
9.584 3.63581
9.6 3.63894
9.616 3.64206
9.632 3.64517
9.648 3.64827
9.664 3.65136
9.68 3.65444
9.696 3.65751
9.712 3.66057
9.728 3.66363
9.744 3.66667
9.76 3.6697
9.776 3.67272
9.792 3.67573
9.808 3.67874
9.824 3.68173
9.84 3.68471
9.856 3.68768
9.872 3.69065
9.888 3.6936
9.904 3.69654
9.92 3.69948
9.936 3.7024
9.952 3.70532
9.968 3.70822
9.984 3.71112
10 3.714
10.016 3.71687
10.032 3.71974
10.048 3.7226
10.064 3.72544
10.08 3.72828
10.096 3.7311
10.112 3.73392
10.128 3.73673
10.144 3.73952
10.16 3.74231
10.176 3.74509
10.192 3.74785
10.208 3.75061
10.224 3.75336
10.24 3.7561
10.256 3.75882
10.272 3.76154
10.288 3.76425
10.304 3.76695
10.32 3.76964
10.336 3.77232
10.352 3.77499
10.368 3.77765
10.384 3.7803
10.4 3.78293
10.416 3.78556
10.432 3.78819
10.448 3.7908
10.464 3.7934
10.48 3.79599
10.496 3.79857
10.512 3.80114
10.528 3.8037
10.544 3.80625
10.56 3.80879
10.576 3.81133
10.592 3.81385
10.608 3.81636
10.624 3.81886
10.64 3.82136
10.656 3.82384
10.672 3.82631
10.688 3.82878
10.704 3.83123
10.72 3.83367
10.736 3.83611
10.752 3.83853
10.768 3.84095
10.784 3.84335
10.8 3.84574
10.816 3.84813
10.832 3.85051
10.848 3.85287
10.864 3.85523
10.88 3.85757
10.896 3.85991
10.912 3.86223
10.928 3.86455
10.944 3.86686
10.96 3.86915
10.976 3.87144
10.992 3.87372
11.008 3.87599
11.024 3.87824
11.04 3.88049
11.056 3.88273
11.072 3.88496
11.088 3.88718
11.104 3.88938
11.12 3.89158
11.136 3.89377
11.152 3.89595
11.168 3.89812
11.184 3.90028
11.2 3.90243
11.216 3.90457
11.232 3.9067
11.248 3.90882
11.264 3.91093
11.28 3.91303
11.296 3.91512
11.312 3.9172
11.328 3.91928
11.344 3.92134
11.36 3.92339
11.376 3.92543
11.392 3.92746
11.408 3.92949
11.424 3.9315
11.44 3.9335
11.456 3.93549
11.472 3.93748
11.488 3.93945
11.504 3.94141
11.52 3.94337
11.536 3.94531
11.552 3.94725
11.568 3.94917
11.584 3.95109
11.6 3.95299
11.616 3.95488
11.632 3.95677
11.648 3.95865
11.664 3.96051
11.68 3.96237
11.696 3.96421
11.712 3.96605
11.728 3.96788
11.744 3.96969
11.76 3.9715
11.776 3.9733
11.792 3.97508
11.808 3.97686
11.824 3.97863
11.84 3.98039
11.856 3.98213
11.872 3.98387
11.888 3.9856
11.904 3.98732
11.92 3.98903
11.936 3.99073
11.952 3.99242
11.968 3.9941
11.984 3.99577
12 3.99742
12.016 3.99907
12.032 4.00072
12.048 4.00235
12.064 4.00397
12.08 4.00558
12.096 4.00718
12.112 4.00877
12.128 4.01035
12.144 4.01192
12.16 4.01348
12.176 4.01504
12.192 4.01658
12.208 4.01811
12.224 4.01963
12.24 4.02115
12.256 4.02265
12.272 4.02414
12.288 4.02563
12.304 4.0271
12.32 4.02856
12.336 4.03002
12.352 4.03146
12.368 4.0329
12.384 4.03432
12.4 4.03573
12.416 4.03714
12.432 4.03854
12.448 4.03992
12.464 4.0413
12.48 4.04266
12.496 4.04402
12.512 4.04536
12.528 4.0467
12.544 4.04803
12.56 4.04934
12.576 4.05065
12.592 4.05195
12.608 4.05324
12.624 4.05451
12.64 4.05578
12.656 4.05704
12.672 4.05829
12.688 4.05953
12.704 4.06075
12.72 4.06197
12.736 4.06318
12.752 4.06438
12.768 4.06557
12.784 4.06675
12.8 4.06792
12.816 4.06908
12.832 4.07023
12.848 4.07137
12.864 4.0725
12.88 4.07362
12.896 4.07473
12.912 4.07583
12.928 4.07693
12.944 4.07801
12.96 4.07908
12.976 4.08014
12.992 4.08119
13.008 4.08224
13.024 4.08327
13.04 4.08429
13.056 4.0853
13.072 4.08631
13.088 4.0873
13.104 4.08828
13.12 4.08926
13.136 4.09022
13.152 4.09118
13.168 4.09212
13.184 4.09306
13.2 4.09398
13.216 4.09489
13.232 4.0958
13.248 4.0967
13.264 4.09758
13.28 4.09846
13.296 4.09932
13.312 4.10018
13.328 4.10103
13.344 4.10186
13.36 4.10269
13.376 4.10351
13.392 4.10431
13.408 4.10511
13.424 4.1059
13.44 4.10668
13.456 4.10744
13.472 4.1082
13.488 4.10895
13.504 4.10969
13.52 4.11042
13.536 4.11114
13.552 4.11185
13.568 4.11255
13.584 4.11324
13.6 4.11391
13.616 4.11458
13.632 4.11525
13.648 4.1159
13.664 4.11654
13.68 4.11717
13.696 4.11779
13.712 4.1184
13.728 4.119
13.744 4.11959
13.76 4.12017
13.776 4.12075
13.792 4.12131
13.808 4.12186
13.824 4.1224
13.84 4.12294
13.856 4.12346
13.872 4.12397
13.888 4.12448
13.904 4.12497
13.92 4.12545
13.936 4.12593
13.952 4.12639
13.968 4.12685
13.984 4.12729
14 4.12772
14.016 4.12815
14.032 4.12857
14.048 4.12897
14.064 4.12937
14.08 4.12975
14.096 4.13013
14.112 4.13049
14.128 4.13085
14.144 4.1312
14.16 4.13153
14.176 4.13186
14.192 4.13218
14.208 4.13249
14.224 4.13278
14.24 4.13307
14.256 4.13335
14.272 4.13362
14.288 4.13388
14.304 4.13412
14.32 4.13436
14.336 4.13459
14.352 4.13481
14.368 4.13502
14.384 4.13522
14.4 4.13541
14.416 4.13559
14.432 4.13576
14.448 4.13592
14.464 4.13607
14.48 4.13621
14.496 4.13634
14.512 4.13646
14.528 4.13658
14.544 4.13668
14.56 4.13677
14.576 4.13685
14.592 4.13692
14.608 4.13699
14.624 4.13704
14.64 4.13708
14.656 4.13711
14.672 4.13714
14.688 4.13715
14.704 4.13715
14.72 4.13715
14.736 4.13713
14.752 4.13711
14.768 4.13707
14.784 4.13703
14.8 4.13697
14.816 4.1369
14.832 4.13683
14.848 4.13675
14.864 4.13665
14.88 4.13655
14.896 4.13643
14.912 4.13631
14.928 4.13618
14.944 4.13603
14.96 4.13588
14.976 4.13572
14.992 4.13554
15.008 4.13536
15.024 4.13517
15.04 4.13497
15.056 4.13475
15.072 4.13453
15.088 4.1343
15.104 4.13406
15.12 4.13381
15.136 4.13355
15.152 4.13328
15.168 4.133
15.184 4.13271
15.2 4.1324
15.216 4.13209
15.232 4.13178
15.248 4.13145
15.264 4.13111
15.28 4.13076
15.296 4.1304
15.312 4.13003
15.328 4.12965
15.344 4.12926
15.36 4.12886
15.376 4.12846
15.392 4.12804
15.408 4.12761
15.424 4.12717
15.44 4.12673
15.456 4.12627
15.472 4.1258
15.488 4.12533
15.504 4.12484
15.52 4.12434
15.536 4.12384
15.552 4.12332
15.568 4.1228
15.584 4.12226
15.6 4.12171
15.616 4.12116
15.632 4.1206
15.648 4.12002
15.664 4.11944
15.68 4.11884
15.696 4.11824
15.712 4.11762
15.728 4.117
15.744 4.11637
15.76 4.11572
15.776 4.11507
15.792 4.11441
15.808 4.11374
15.824 4.11305
15.84 4.11236
15.856 4.11166
15.872 4.11095
15.888 4.11023
15.904 4.10949
15.92 4.10875
15.936 4.108
15.952 4.10724
15.968 4.10647
15.984 4.10569
16 4.1049
16.016 4.1041
16.032 4.10329
16.048 4.10247
16.064 4.10164
16.08 4.1008
16.096 4.09995
16.112 4.09909
16.128 4.09823
16.144 4.09735
16.16 4.09646
16.176 4.09556
16.192 4.09465
16.208 4.09374
16.224 4.09281
16.24 4.09187
16.256 4.09092
16.272 4.08997
16.288 4.089
16.304 4.08802
16.32 4.08704
16.336 4.08604
16.352 4.08504
16.368 4.08402
16.384 4.083
16.4 4.08196
16.416 4.08091
16.432 4.07986
16.448 4.0788
16.464 4.07772
16.48 4.07664
16.496 4.07554
16.512 4.07444
16.528 4.07333
16.544 4.0722
16.56 4.07107
16.576 4.06993
16.592 4.06877
16.608 4.06761
16.624 4.06644
16.64 4.06526
16.656 4.06406
16.672 4.06286
16.688 4.06165
16.704 4.06043
16.72 4.0592
16.736 4.05796
16.752 4.05671
16.768 4.05545
16.784 4.05418
16.8 4.05289
16.816 4.0516
16.832 4.05031
16.848 4.049
16.864 4.04768
16.88 4.04635
16.896 4.04501
16.912 4.04366
16.928 4.0423
16.944 4.04093
16.96 4.03955
16.976 4.03817
16.992 4.03677
17.008 4.03536
17.024 4.03394
17.04 4.03252
17.056 4.03108
17.072 4.02963
17.088 4.02818
17.104 4.02671
17.12 4.02523
17.136 4.02375
17.152 4.02225
17.168 4.02075
17.184 4.01923
17.2 4.0177
17.216 4.01617
17.232 4.01463
17.248 4.01307
17.264 4.01151
17.28 4.00993
17.296 4.00835
17.312 4.00675
17.328 4.00515
17.344 4.00354
17.36 4.00191
17.376 4.00028
17.392 3.99864
17.408 3.99699
17.424 3.99532
17.44 3.99365
17.456 3.99197
17.472 3.99028
17.488 3.98858
17.504 3.98686
17.52 3.98514
17.536 3.98341
17.552 3.98167
17.568 3.97992
17.584 3.97816
17.6 3.97639
17.616 3.97461
17.632 3.97282
17.648 3.97102
17.664 3.96921
17.68 3.96739
17.696 3.96556
17.712 3.96372
17.728 3.96188
17.744 3.96002
17.76 3.95815
17.776 3.95627
17.792 3.95438
17.808 3.95249
17.824 3.95058
17.84 3.94866
17.856 3.94673
17.872 3.9448
17.888 3.94285
17.904 3.94089
17.92 3.93893
17.936 3.93695
17.952 3.93497
17.968 3.93297
17.984 3.93097
18 3.92895
18.016 3.92692
18.032 3.92489
18.048 3.92285
18.064 3.92079
18.08 3.91873
18.096 3.91665
18.112 3.91457
18.128 3.91248
18.144 3.91037
18.16 3.90826
18.176 3.90614
18.192 3.904
18.208 3.90186
18.224 3.89971
18.24 3.89755
18.256 3.89537
18.272 3.89319
18.288 3.891
18.304 3.8888
18.32 3.88659
18.336 3.88437
18.352 3.88214
18.368 3.8799
18.384 3.87765
18.4 3.87538
18.416 3.87311
18.432 3.87084
18.448 3.86855
18.464 3.86625
18.48 3.86394
18.496 3.86162
18.512 3.85929
18.528 3.85695
18.544 3.8546
18.56 3.85224
18.576 3.84988
18.592 3.8475
18.608 3.84511
18.624 3.84271
18.64 3.84031
18.656 3.83789
18.672 3.83546
18.688 3.83303
18.704 3.83058
18.72 3.82812
18.736 3.82566
18.752 3.82318
18.768 3.8207
18.784 3.8182
18.8 3.81569
18.816 3.81318
18.832 3.81066
18.848 3.80812
18.864 3.80558
18.88 3.80302
18.896 3.80046
18.912 3.79788
18.928 3.7953
18.944 3.79271
18.96 3.7901
18.976 3.78749
18.992 3.78487
19.008 3.78224
19.024 3.77959
19.04 3.77694
19.056 3.77428
19.072 3.77161
19.088 3.76893
19.104 3.76623
19.12 3.76353
19.136 3.76082
19.152 3.7581
19.168 3.75537
19.184 3.75263
19.2 3.74988
19.216 3.74712
19.232 3.74435
19.248 3.74157
19.264 3.73878
19.28 3.73598
19.296 3.73317
19.312 3.73035
19.328 3.72753
19.344 3.72469
19.36 3.72184
19.376 3.71898
19.392 3.71611
19.408 3.71324
19.424 3.71035
19.44 3.70745
19.456 3.70454
19.472 3.70163
19.488 3.6987
19.504 3.69576
19.52 3.69282
19.536 3.68986
19.552 3.6869
19.568 3.68392
19.584 3.68094
19.6 3.67794
19.616 3.67493
19.632 3.67192
19.648 3.6689
19.664 3.66586
19.68 3.66282
19.696 3.65976
19.712 3.6567
19.728 3.65363
19.744 3.65054
19.76 3.64745
19.776 3.64435
19.792 3.64123
19.808 3.63811
19.824 3.63498
19.84 3.63184
19.856 3.62868
19.872 3.62552
19.888 3.62235
19.904 3.61917
19.92 3.61598
19.936 3.61278
19.952 3.60957
19.968 3.60635
19.984 3.60312
20 3.59987
20.016 3.59662
20.032 3.59337
20.048 3.5901
20.064 3.58682
20.08 3.58353
20.096 3.58023
20.112 3.57692
20.128 3.5736
20.144 3.57027
20.16 3.56693
20.176 3.56359
20.192 3.56023
20.208 3.55686
20.224 3.55348
20.24 3.5501
20.256 3.5467
20.272 3.54329
20.288 3.53988
20.304 3.53645
20.32 3.53301
20.336 3.52957
20.352 3.52611
20.368 3.52265
20.384 3.51917
20.4 3.51568
20.416 3.51219
20.432 3.50869
20.448 3.50517
20.464 3.50165
20.48 3.49811
20.496 3.49457
20.512 3.49101
20.528 3.48745
20.544 3.48388
20.56 3.48029
20.576 3.4767
20.592 3.4731
20.608 3.46949
20.624 3.46586
20.64 3.46223
20.656 3.45859
20.672 3.45494
20.688 3.45128
20.704 3.4476
20.72 3.44392
20.736 3.44023
20.752 3.43653
20.768 3.43282
20.784 3.4291
20.8 3.42537
20.816 3.42163
20.832 3.41788
20.848 3.41412
20.864 3.41035
20.88 3.40657
20.896 3.40278
20.912 3.39898
20.928 3.39518
20.944 3.39136
20.96 3.38753
20.976 3.38369
20.992 3.37984
21.008 3.37599
21.024 3.37212
21.04 3.36824
21.056 3.36435
21.072 3.36046
21.088 3.35655
21.104 3.35263
21.12 3.34871
21.136 3.34477
21.152 3.34083
21.168 3.33687
21.184 3.33291
21.2 3.32893
21.216 3.32494
21.232 3.32095
21.248 3.31695
21.264 3.31293
21.28 3.30891
21.296 3.30487
21.312 3.30083
21.328 3.29678
21.344 3.29271
21.36 3.28864
21.376 3.28456
21.392 3.28046
21.408 3.27636
21.424 3.27225
21.44 3.26813
21.456 3.26399
21.472 3.25985
21.488 3.2557
21.504 3.25154
21.52 3.24737
21.536 3.24319
21.552 3.239
21.568 3.2348
21.584 3.23059
21.6 3.22636
21.616 3.22213
21.632 3.2179
21.648 3.21365
21.664 3.20939
21.68 3.20512
21.696 3.20084
21.712 3.19655
21.728 3.19225
21.744 3.18794
21.76 3.18362
21.776 3.1793
21.792 3.17496
21.808 3.17061
21.824 3.16625
21.84 3.16189
21.856 3.15751
21.872 3.15312
21.888 3.14873
21.904 3.14432
21.92 3.1399
21.936 3.13548
21.952 3.13104
21.968 3.1266
21.984 3.12214
22 3.11767
22.016 3.1132
22.032 3.10872
22.048 3.10422
22.064 3.09972
22.08 3.0952
22.096 3.09068
22.112 3.08614
22.128 3.0816
22.144 3.07705
22.16 3.07248
22.176 3.06791
22.192 3.06333
22.208 3.05874
22.224 3.05413
22.24 3.04952
22.256 3.0449
22.272 3.04027
22.288 3.03563
22.304 3.03097
22.32 3.02631
22.336 3.02164
22.352 3.01696
22.368 3.01227
22.384 3.00757
22.4 3.00286
22.416 2.99814
22.432 2.99341
22.448 2.98867
22.464 2.98392
22.48 2.97916
22.496 2.97439
22.512 2.96961
22.528 2.96483
22.544 2.96003
22.56 2.95522
22.576 2.9504
22.592 2.94557
22.608 2.94074
22.624 2.93589
22.64 2.93103
22.656 2.92616
22.672 2.92129
22.688 2.9164
22.704 2.9115
22.72 2.9066
22.736 2.90168
22.752 2.89676
22.768 2.89182
22.784 2.88688
22.8 2.88192
22.816 2.87695
22.832 2.87198
22.848 2.867
22.864 2.862
22.88 2.857
22.896 2.85198
22.912 2.84696
22.928 2.84193
22.944 2.83688
22.96 2.83183
22.976 2.82677
22.992 2.82169
23.008 2.81661
23.024 2.81152
23.04 2.80642
23.056 2.8013
23.072 2.79618
23.088 2.79105
23.104 2.78591
23.12 2.78076
23.136 2.7756
23.152 2.77043
23.168 2.76525
23.184 2.76006
23.2 2.75485
23.216 2.74964
23.232 2.74443
23.248 2.7392
23.264 2.73396
23.28 2.72871
23.296 2.72345
23.312 2.71818
23.328 2.7129
23.344 2.70761
23.36 2.70231
23.376 2.69701
23.392 2.69169
23.408 2.68636
23.424 2.68102
23.44 2.67568
23.456 2.67032
23.472 2.66495
23.488 2.65958
23.504 2.65419
23.52 2.64879
23.536 2.64339
23.552 2.63797
23.568 2.63255
23.584 2.62711
23.6 2.62166
23.616 2.61621
23.632 2.61075
23.648 2.60527
23.664 2.59979
23.68 2.59429
23.696 2.58879
23.712 2.58327
23.728 2.57775
23.744 2.57222
23.76 2.56667
23.776 2.56112
23.792 2.55556
23.808 2.54999
23.824 2.5444
23.84 2.53881
23.856 2.53321
23.872 2.5276
23.888 2.52198
23.904 2.51634
23.92 2.5107
23.936 2.50505
23.952 2.49939
23.968 2.49372
23.984 2.48804
24 2.48235
24.016 2.47665
24.032 2.47094
24.048 2.46522
24.064 2.45949
24.08 2.45375
24.096 2.448
24.112 2.44224
24.128 2.43648
24.144 2.4307
24.16 2.42491
24.176 2.41911
24.192 2.4133
24.208 2.40749
24.224 2.40166
24.24 2.39582
24.256 2.38997
24.272 2.38412
24.288 2.37825
24.304 2.37237
24.32 2.36649
24.336 2.36059
24.352 2.35469
24.368 2.34877
24.384 2.34285
24.4 2.33691
24.416 2.33096
24.432 2.32501
24.448 2.31905
24.464 2.31307
24.48 2.30709
24.496 2.30109
24.512 2.29509
24.528 2.28908
24.544 2.28305
24.56 2.27702
24.576 2.27098
24.592 2.26492
24.608 2.25886
24.624 2.25279
24.64 2.24671
24.656 2.24061
24.672 2.23451
24.688 2.2284
24.704 2.22228
24.72 2.21615
24.736 2.21001
24.752 2.20386
24.768 2.1977
24.784 2.19153
24.8 2.18534
24.816 2.17915
24.832 2.17296
24.848 2.16675
24.864 2.16053
24.88 2.1543
24.896 2.14806
24.912 2.14181
24.928 2.13555
24.944 2.12928
24.96 2.123
24.976 2.11672
24.992 2.11042
25.008 2.10411
25.024 2.09779
25.04 2.09147
25.056 2.08513
25.072 2.07878
25.088 2.07243
25.104 2.06606
25.12 2.05968
25.136 2.0533
25.152 2.0469
25.168 2.0405
25.184 2.03408
25.2 2.02765
25.216 2.02122
25.232 2.01478
25.248 2.00832
25.264 2.00186
25.28 1.99538
25.296 1.9889
25.312 1.9824
25.328 1.9759
25.344 1.96939
25.36 1.96286
25.376 1.95633
25.392 1.94979
25.408 1.94324
25.424 1.93667
25.44 1.9301
25.456 1.92352
25.472 1.91693
25.488 1.91033
25.504 1.90371
25.52 1.89709
25.536 1.89046
25.552 1.88382
25.568 1.87717
25.584 1.87051
25.6 1.86384
25.616 1.85716
25.632 1.85047
25.648 1.84377
25.664 1.83706
25.68 1.83034
25.696 1.82361
25.712 1.81687
25.728 1.81013
25.744 1.80337
25.76 1.7966
25.776 1.78982
25.792 1.78303
25.808 1.77624
25.824 1.76943
25.84 1.76261
25.856 1.75578
25.872 1.74895
25.888 1.7421
25.904 1.73524
25.92 1.72838
25.936 1.7215
25.952 1.71462
25.968 1.70772
25.984 1.70082
26 1.6939
26.016 1.68697
26.032 1.68004
26.048 1.6731
26.064 1.66614
26.08 1.65918
26.096 1.6522
26.112 1.64522
26.128 1.63823
26.144 1.63122
26.16 1.62421
26.176 1.61719
26.192 1.61015
26.208 1.60311
26.224 1.59606
26.24 1.589
26.256 1.58192
26.272 1.57484
26.288 1.56775
26.304 1.56065
26.32 1.55354
26.336 1.54642
26.352 1.53929
26.368 1.53215
26.384 1.525
26.4 1.51783
26.416 1.51066
26.432 1.50349
26.448 1.4963
26.464 1.4891
26.48 1.48189
26.496 1.47467
26.512 1.46744
26.528 1.4602
26.544 1.45295
26.56 1.44569
26.576 1.43843
26.592 1.43115
26.608 1.42386
26.624 1.41656
26.64 1.40926
26.656 1.40194
26.672 1.39461
26.688 1.38728
26.704 1.37993
26.72 1.37257
26.736 1.36521
26.752 1.35783
26.768 1.35045
26.784 1.34305
26.8 1.33564
26.816 1.32823
26.832 1.32081
26.848 1.31337
26.864 1.30593
26.88 1.29847
26.896 1.29101
26.912 1.28353
26.928 1.27605
26.944 1.26856
26.96 1.26105
26.976 1.25354
26.992 1.24602
27.008 1.23849
27.024 1.23094
27.04 1.22339
27.056 1.21583
27.072 1.20826
27.088 1.20068
27.104 1.19308
27.12 1.18548
27.136 1.17787
27.152 1.17025
27.168 1.16262
27.184 1.15498
27.2 1.14733
27.216 1.13967
27.232 1.132
27.248 1.12432
27.264 1.11663
27.28 1.10893
27.296 1.10122
27.312 1.0935
27.328 1.08578
27.344 1.07804
27.36 1.07029
27.376 1.06253
27.392 1.05476
27.408 1.04699
27.424 1.0392
27.44 1.0314
27.456 1.02359
27.472 1.01578
27.488 1.00795
27.504 1.00011
27.52 0.992268
27.536 0.984412
27.552 0.976546
27.568 0.968671
27.584 0.960785
27.6 0.95289
27.616 0.944985
27.632 0.93707
27.648 0.929146
27.664 0.921211
27.68 0.913267
27.696 0.905313
27.712 0.897349
27.728 0.889376
27.744 0.881392
27.76 0.873399
27.776 0.865396
27.792 0.857383
27.808 0.849361
27.824 0.841328
27.84 0.833286
27.856 0.825234
27.872 0.817172
27.888 0.809101
27.904 0.801019
27.92 0.792928
27.936 0.784827
27.952 0.776716
27.968 0.768596
27.984 0.760465
28 0.752325
28.016 0.744175
28.032 0.736015
28.048 0.727846
28.064 0.719666
28.08 0.711477
28.096 0.703278
28.112 0.695069
28.128 0.686851
28.144 0.678622
28.16 0.670384
28.176 0.662136
28.192 0.653878
28.208 0.645611
28.224 0.637333
28.24 0.629046
28.256 0.620749
28.272 0.612442
28.288 0.604126
28.304 0.595799
28.32 0.587463
28.336 0.579117
28.352 0.570761
28.368 0.562396
28.384 0.55402
28.4 0.545635
28.416 0.53724
28.432 0.528835
28.448 0.520421
28.464 0.511996
28.48 0.503562
28.496 0.495118
28.512 0.486664
28.528 0.478201
28.544 0.469727
28.56 0.461244
28.576 0.452751
28.592 0.444248
28.608 0.435736
28.624 0.427213
28.64 0.418681
28.656 0.410139
28.672 0.401587
28.688 0.393026
28.704 0.384454
28.72 0.375873
28.736 0.367282
28.752 0.358681
28.768 0.350071
28.784 0.34145
28.8 0.33282
28.816 0.32418
28.832 0.31553
28.848 0.306871
28.864 0.298201
28.88 0.289522
28.896 0.280833
28.912 0.272134
28.928 0.263426
28.944 0.254707
28.96 0.245979
28.976 0.237241
28.992 0.228493
29.008 0.219736
29.024 0.210968
29.04 0.202191
29.056 0.193404
29.072 0.184607
29.088 0.175801
29.104 0.166984
29.12 0.158158
29.136 0.149322
29.152 0.140476
29.168 0.131621
29.184 0.122755
29.2 0.11388
29.216 0.104995
29.232 0.0961002
29.248 0.0871956
29.264 0.0782812
29.28 0.069357
29.296 0.060423
29.312 0.0514792
29.328 0.0425256
29.344 0.0335622
29.36 0.024589
29.376 0.015606
29.392 0.0066132
29.408 -0.0023894
29.424 -0.0114018
29.44 -0.020424
29.456 -0.029456
29.472 -0.0384978
29.488 -0.0475494
29.504 -0.0566108
29.52 -0.065682
29.536 -0.074763
29.552 -0.0838538
29.568 -0.0929544
29.584 -0.102065
29.6 -0.111185
29.616 -0.120315
29.632 -0.129455
29.648 -0.138604
29.664 -0.147764
29.68 -0.156933
29.696 -0.166112
29.712 -0.175301
29.728 -0.184499
29.744 -0.193708
29.76 -0.202926
29.776 -0.212154
29.792 -0.221392
29.808 -0.230639
29.824 -0.239897
29.84 -0.249164
29.856 -0.258441
29.872 -0.267728
29.888 -0.277024
29.904 -0.286331
29.92 -0.295647
29.936 -0.304973
29.952 -0.314309
29.968 -0.323654
29.984 -0.33301
30 -0.342375
30.016 -0.35175
30.032 -0.361135
30.048 -0.370529
30.064 -0.379934
30.08 -0.389348
30.096 -0.398772
30.112 -0.408206
30.128 -0.417649
30.144 -0.427103
30.16 -0.436566
30.176 -0.446039
30.192 -0.455522
30.208 -0.465014
30.224 -0.474517
30.24 -0.484029
30.256 -0.493551
30.272 -0.503083
30.288 -0.512624
30.304 -0.522176
30.32 -0.531737
30.336 -0.541308
30.352 -0.550889
30.368 -0.560479
30.384 -0.57008
30.4 -0.57969
30.416 -0.58931
30.432 -0.59894
30.448 -0.608579
30.464 -0.618229
30.48 -0.627888
30.496 -0.637557
30.512 -0.647236
30.528 -0.656924
30.544 -0.666623
30.56 -0.676331
30.576 -0.686049
30.592 -0.695777
30.608 -0.705514
30.624 -0.715262
30.64 -0.725019
30.656 -0.734786
30.672 -0.744563
30.688 -0.754349
30.704 -0.764146
30.72 -0.773952
30.736 -0.783768
30.752 -0.793594
30.768 -0.803429
30.784 -0.813275
30.8 -0.82313
30.816 -0.832995
30.832 -0.84287
30.848 -0.852754
30.864 -0.862649
30.88 -0.872553
30.896 -0.882467
30.912 -0.892391
30.928 -0.902324
30.944 -0.912268
30.96 -0.922221
30.976 -0.932184
30.992 -0.942157
31.008 -0.952139
31.024 -0.962132
31.04 -0.972134
31.056 -0.982146
31.072 -0.992168
31.088 -1.0022
31.104 -1.01224
31.12 -1.02229
31.136 -1.03235
31.152 -1.04242
31.168 -1.0525
31.184 -1.06259
31.2 -1.0727
31.216 -1.08281
31.232 -1.09292
31.248 -1.10305
31.264 -1.11319
31.28 -1.12334
31.296 -1.1335
31.312 -1.14367
31.328 -1.15385
31.344 -1.16404
31.36 -1.17424
31.376 -1.18444
31.392 -1.19466
31.408 -1.20489
31.424 -1.21513
31.44 -1.22537
31.456 -1.23563
31.472 -1.2459
31.488 -1.25617
31.504 -1.26646
31.52 -1.27676
31.536 -1.28706
31.552 -1.29738
31.568 -1.3077
31.584 -1.31804
31.6 -1.32839
31.616 -1.33874
31.632 -1.3491
31.648 -1.35948
31.664 -1.36986
31.68 -1.38026
31.696 -1.39066
31.712 -1.40108
31.728 -1.4115
31.744 -1.42193
31.76 -1.43238
31.776 -1.44283
31.792 -1.45329
31.808 -1.46376
31.824 -1.47425
31.84 -1.48474
31.856 -1.49524
31.872 -1.50575
31.888 -1.51627
31.904 -1.52681
31.92 -1.53735
31.936 -1.5479
31.952 -1.55846
31.968 -1.56903
31.984 -1.57961
32 -1.5902
32.016 -1.6008
32.032 -1.61141
32.048 -1.62203
32.064 -1.63266
32.08 -1.6433
32.096 -1.65395
32.112 -1.66461
32.128 -1.67527
32.144 -1.68595
32.16 -1.69664
32.176 -1.70734
32.192 -1.71805
32.208 -1.72876
32.224 -1.73949
32.24 -1.75023
32.256 -1.76098
32.272 -1.77173
32.288 -1.7825
32.304 -1.79328
32.32 -1.80406
32.336 -1.81486
32.352 -1.82566
32.368 -1.83648
32.384 -1.8473
32.4 -1.85814
32.416 -1.86899
32.432 -1.87984
32.448 -1.8907
32.464 -1.90158
32.48 -1.91246
32.496 -1.92336
32.512 -1.93426
32.528 -1.94517
32.544 -1.9561
32.56 -1.96703
32.576 -1.97797
32.592 -1.98893
32.608 -1.99989
32.624 -2.01086
32.64 -2.02184
32.656 -2.03284
32.672 -2.04384
32.688 -2.05485
32.704 -2.06587
32.72 -2.0769
32.736 -2.08794
32.752 -2.09899
32.768 -2.11005
32.784 -2.12112
32.8 -2.13221
32.816 -2.1433
32.832 -2.15439
32.848 -2.1655
32.864 -2.17662
32.88 -2.18775
32.896 -2.19889
32.912 -2.21004
32.928 -2.2212
32.944 -2.23237
32.96 -2.24355
32.976 -2.25473
32.992 -2.26593
33.008 -2.27714
33.024 -2.28836
33.04 -2.29958
33.056 -2.31082
33.072 -2.32207
33.088 -2.33332
33.104 -2.34459
33.12 -2.35587
33.136 -2.36715
33.152 -2.37845
33.168 -2.38975
33.184 -2.40107
33.2 -2.4124
33.216 -2.42373
33.232 -2.43507
33.248 -2.44643
33.264 -2.45779
33.28 -2.46917
33.296 -2.48055
33.312 -2.49195
33.328 -2.50335
33.344 -2.51476
33.36 -2.52619
33.376 -2.53762
33.392 -2.54906
33.408 -2.56051
33.424 -2.57198
33.44 -2.58345
33.456 -2.59493
33.472 -2.60642
33.488 -2.61792
33.504 -2.62944
33.52 -2.64096
33.536 -2.65249
33.552 -2.66403
33.568 -2.67558
33.584 -2.68714
33.6 -2.69871
33.616 -2.71029
33.632 -2.72188
33.648 -2.73348
33.664 -2.74509
33.68 -2.75671
33.696 -2.76834
33.712 -2.77998
33.728 -2.79162
33.744 -2.80328
33.76 -2.81495
33.776 -2.82663
33.792 -2.83832
33.808 -2.85001
33.824 -2.86172
33.84 -2.87344
33.856 -2.88517
33.872 -2.8969
33.888 -2.90865
33.904 -2.92041
33.92 -2.93217
33.936 -2.94395
33.952 -2.95573
33.968 -2.96753
33.984 -2.97933
34 -2.99115
34.016 -3.00298
34.032 -3.01481
34.048 -3.02665
34.064 -3.03851
34.08 -3.05037
34.096 -3.06225
34.112 -3.07413
34.128 -3.08602
34.144 -3.09793
34.16 -3.10984
34.176 -3.12176
34.192 -3.1337
34.208 -3.14564
34.224 -3.15759
34.24 -3.16955
34.256 -3.18153
34.272 -3.19351
34.288 -3.2055
34.304 -3.2175
34.32 -3.22951
34.336 -3.24153
34.352 -3.25356
34.368 -3.2656
34.384 -3.27765
34.4 -3.28972
34.416 -3.30179
34.432 -3.31386
34.448 -3.32595
34.464 -3.33805
34.48 -3.35016
34.496 -3.36228
34.512 -3.37441
34.528 -3.38655
34.544 -3.3987
34.56 -3.41086
34.576 -3.42302
34.592 -3.4352
34.608 -3.44739
34.624 -3.45959
34.64 -3.47179
34.656 -3.48401
34.672 -3.49624
34.688 -3.50847
34.704 -3.52072
34.72 -3.53298
34.736 -3.54524
34.752 -3.55752
34.768 -3.5698
34.784 -3.5821
34.8 -3.59441
34.816 -3.60672
34.832 -3.61904
34.848 -3.63138
34.864 -3.64372
34.88 -3.65608
34.896 -3.66844
34.912 -3.68082
34.928 -3.6932
34.944 -3.70559
34.96 -3.718
34.976 -3.73041
34.992 -3.74283
35.008 -3.75526
35.024 -3.76771
35.04 -3.78016
35.056 -3.79262
35.072 -3.80509
35.088 -3.81757
35.104 -3.83007
35.12 -3.84257
35.136 -3.85508
35.152 -3.8676
35.168 -3.88013
35.184 -3.89267
35.2 -3.90522
35.216 -3.91778
35.232 -3.93035
35.248 -3.94293
35.264 -3.95552
35.28 -3.96812
35.296 -3.98073
35.312 -3.99335
35.328 -4.00597
35.344 -4.01861
35.36 -4.03126
35.376 -4.04392
35.392 -4.05659
35.408 -4.06926
35.424 -4.08195
35.44 -4.09465
35.456 -4.10736
35.472 -4.12007
35.488 -4.1328
35.504 -4.14554
35.52 -4.15828
35.536 -4.17104
35.552 -4.1838
35.568 -4.19658
35.584 -4.20936
35.6 -4.22216
35.616 -4.23497
35.632 -4.24778
35.648 -4.2606
35.664 -4.27344
35.68 -4.28628
35.696 -4.29914
35.712 -4.312
35.728 -4.32487
35.744 -4.33776
35.76 -4.35065
35.776 -4.36355
35.792 -4.37647
35.808 -4.38939
35.824 -4.40232
35.84 -4.41526
35.856 -4.42822
35.872 -4.44118
35.888 -4.45415
35.904 -4.46713
35.92 -4.48012
35.936 -4.49312
35.952 -4.50613
35.968 -4.51915
35.984 -4.53218
36 -4.54523
36.016 -4.55828
36.032 -4.57133
36.048 -4.5844
36.064 -4.59748
36.08 -4.61057
36.096 -4.62367
36.112 -4.63678
36.128 -4.6499
36.144 -4.66303
36.16 -4.67617
36.176 -4.68931
36.192 -4.70247
36.208 -4.71564
36.224 -4.72882
36.24 -4.742
36.256 -4.7552
36.272 -4.76841
36.288 -4.78162
36.304 -4.79485
36.32 -4.80809
36.336 -4.82133
36.352 -4.83459
36.368 -4.84785
36.384 -4.86113
36.4 -4.87442
36.416 -4.88771
36.432 -4.90101
36.448 -4.91433
36.464 -4.92765
36.48 -4.94099
36.496 -4.95433
36.512 -4.96769
36.528 -4.98105
36.544 -4.99442
36.56 -5.00781
36.576 -5.0212
36.592 -5.0346
36.608 -5.04801
36.624 -5.06144
36.64 -5.07487
36.656 -5.08831
36.672 -5.10176
36.688 -5.11522
36.704 -5.1287
36.72 -5.14218
36.736 -5.15567
36.752 -5.16917
36.768 -5.18268
36.784 -5.1962
36.8 -5.20973
36.816 -5.22327
36.832 -5.23682
36.848 -5.25038
36.864 -5.26395
36.88 -5.27753
36.896 -5.29112
36.912 -5.30472
36.928 -5.31832
36.944 -5.33194
36.96 -5.34557
36.976 -5.35921
36.992 -5.37286
37.008 -5.38651
37.024 -5.40018
37.04 -5.41386
37.056 -5.42755
37.072 -5.44124
37.088 -5.45495
37.104 -5.46867
37.12 -5.48239
37.136 -5.49613
37.152 -5.50987
37.168 -5.52363
37.184 -5.53739
37.2 -5.55117
37.216 -5.56496
37.232 -5.57875
37.248 -5.59255
37.264 -5.60637
37.28 -5.62019
37.296 -5.63403
37.312 -5.64787
37.328 -5.66172
37.344 -5.67559
37.36 -5.68946
37.376 -5.70334
37.392 -5.71724
37.408 -5.73114
37.424 -5.74505
37.44 -5.75897
37.456 -5.77291
37.472 -5.78685
37.488 -5.8008
37.504 -5.81476
37.52 -5.82873
37.536 -5.84271
37.552 -5.8567
37.568 -5.8707
37.584 -5.88471
37.6 -5.89874
37.616 -5.91277
37.632 -5.9268
37.648 -5.94085
37.664 -5.95491
37.68 -5.96898
37.696 -5.98306
37.712 -5.99715
37.728 -6.01125
37.744 -6.02536
37.76 -6.03948
37.776 -6.0536
37.792 -6.06774
37.808 -6.08189
37.824 -6.09605
37.84 -6.11021
37.856 -6.12439
37.872 -6.13858
37.888 -6.15277
37.904 -6.16698
37.92 -6.1812
37.936 -6.19542
37.952 -6.20966
37.968 -6.2239
37.984 -6.23816
38 -6.25243
38.016 -6.2667
38.032 -6.28098
38.048 -6.29528
38.064 -6.30958
38.08 -6.3239
38.096 -6.33822
38.112 -6.35256
38.128 -6.3669
38.144 -6.38125
38.16 -6.39562
38.176 -6.40999
38.192 -6.42437
38.208 -6.43876
38.224 -6.45317
38.24 -6.46758
38.256 -6.482
38.272 -6.49643
38.288 -6.51087
38.304 -6.52533
38.32 -6.53979
38.336 -6.55426
38.352 -6.56874
38.368 -6.58323
38.384 -6.59773
38.4 -6.61224
38.416 -6.62676
38.432 -6.64129
38.448 -6.65583
38.464 -6.67038
38.48 -6.68494
38.496 -6.69951
38.512 -6.71409
38.528 -6.72867
38.544 -6.74327
38.56 -6.75788
38.576 -6.7725
38.592 -6.78713
38.608 -6.80176
38.624 -6.81641
38.64 -6.83107
38.656 -6.84574
38.672 -6.86041
38.688 -6.8751
38.704 -6.8898
38.72 -6.9045
38.736 -6.91922
38.752 -6.93394
38.768 -6.94868
38.784 -6.96342
38.8 -6.97818
38.816 -6.99295
38.832 -7.00772
38.848 -7.0225
38.864 -7.0373
38.88 -7.0521
38.896 -7.06692
38.912 -7.08174
38.928 -7.09657
38.944 -7.11142
38.96 -7.12627
38.976 -7.14113
38.992 -7.15601
39.008 -7.17089
39.024 -7.18578
39.04 -7.20068
39.056 -7.2156
39.072 -7.23052
39.088 -7.24545
39.104 -7.26039
39.12 -7.27534
39.136 -7.2903
39.152 -7.30527
39.168 -7.32025
39.184 -7.33524
39.2 -7.35025
39.216 -7.36526
39.232 -7.38027
39.248 -7.3953
39.264 -7.41034
39.28 -7.42539
39.296 -7.44045
39.312 -7.45552
39.328 -7.4706
39.344 -7.48569
39.36 -7.50079
39.376 -7.51589
39.392 -7.53101
39.408 -7.54614
39.424 -7.56128
39.44 -7.57642
39.456 -7.59158
39.472 -7.60675
39.488 -7.62192
39.504 -7.63711
39.52 -7.65231
39.536 -7.66751
39.552 -7.68273
39.568 -7.69795
39.584 -7.71319
39.6 -7.72844
39.616 -7.74369
39.632 -7.75895
39.648 -7.77423
39.664 -7.78951
39.68 -7.80481
39.696 -7.82011
39.712 -7.83543
39.728 -7.85075
39.744 -7.86608
39.76 -7.88143
39.776 -7.89678
39.792 -7.91214
39.808 -7.92751
39.824 -7.9429
39.84 -7.95829
39.856 -7.97369
39.872 -7.9891
39.888 -8.00452
39.904 -8.01996
39.92 -8.0354
39.936 -8.05085
39.952 -8.06631
39.968 -8.08178
39.984 -8.09726
40 -8.11275
