0 0 4 -2.70868e-16
0 4 4 0
0 8 4 0
0 12 4 0
0 16 4 0
0 20 4 0
0 24 4 0
0 28 4 -2.708e-16
0 32 4 0
0 36 4 -2.708e-16
0 40 4 0
0 44 4 0
0 48 4 2.70834e-16
0 52 4 0
0 56 4 0
0 60 4 2.70865e-16

4 0 3.66708 -1.58799e-15
4 4 3.66628 0.00762164
4 8 3.664 0.0140966
4 12 3.66057 0.0184448
4 16 3.65649 0.0199984
4 20 3.65236 0.0185073
4 24 3.64883 0.0141851
4 28 3.64646 0.0076842
4 32 3.64562 0
4 36 3.64646 -0.0076842
4 40 3.64883 -0.0141851
4 44 3.65236 -0.0185073
4 48 3.65649 -0.0199984
4 52 3.66057 -0.0184448
4 56 3.664 -0.0140966
4 60 3.66628 -0.00762164

8 0 3.66968 -7.94104e-16
8 4 3.66869 0.00945858
8 8 3.66588 0.0174809
8 12 3.66164 0.022847
8 16 3.65661 0.0247382
8 20 3.65154 0.022863
8 24 3.64721 0.0175035
8 28 3.6443 0.00947456
8 32 3.64327 0
8 36 3.6443 -0.00947456
8 40 3.64721 -0.0175035
8 44 3.65154 -0.022863
8 48 3.65661 -0.0247382
8 52 3.66164 -0.022847
8 56 3.66588 -0.0174809
8 60 3.66869 -0.00945858

12 0 3.66942 2.64706e-15
12 4 3.66837 0.00689423
12 8 3.66538 0.0127242
12 12 3.66089 0.0165959
12 16 3.65557 0.017926
12 20 3.65021 0.0165265
12 24 3.64565 0.012626
12 28 3.64259 0.00682483
12 32 3.64151 -7.92765e-16
12 36 3.64259 -0.00682483
12 40 3.64565 -0.012626
12 44 3.65021 -0.0165265
12 48 3.65557 -0.017926
12 52 3.66089 -0.0165959
12 56 3.66538 -0.0127242
12 60 3.66837 -0.00689423

16 0 3.66842 0
16 4 3.66729 0.00365218
16 8 3.66404 0.00672012
16 12 3.65918 0.00872491
16 16 3.65342 0.00937287
16 20 3.64764 0.00859366
16 24 3.64273 0.0065345
16 28 3.63944 0.00352093
16 32 3.63828 2.64165e-15
16 36 3.63944 -0.00352093
16 40 3.64273 -0.0065345
16 44 3.64764 -0.00859366
16 48 3.65342 -0.00937287
16 52 3.65918 -0.00872491
16 56 3.66404 -0.00672012
16 60 3.66729 -0.00365218

20 0 3.66623 2.64614e-16
20 4 3.66501 0.00101707
20 8 3.66151 0.00184342
20 12 3.65627 0.00233837
20 16 3.65009 0.00244145
20 20 3.64389 0.00217283
20 24 3.63864 0.00160932
20 28 3.63512 0.00085154
20 32 3.63389 0
20 36 3.63512 -0.00085154
20 40 3.63864 -0.00160932
20 44 3.64389 -0.00217283
20 48 3.65009 -0.00244145
20 52 3.65627 -0.00233837
20 56 3.66151 -0.00184342
20 60 3.66501 -0.00101707

24 0 3.66211 -1.05806e-15
24 4 3.66083 -0.00133294
24 8 3.65721 -0.00250088
24 12 3.65179 -0.00334157
24 16 3.6454 -0.00371113
24 20 3.63902 -0.00351545
24 24 3.63361 -0.00274677
24 28 3.63 -0.00150681
24 32 3.62873 5.27948e-16
24 36 3.63 0.00150681
24 40 3.63361 0.00274677
24 44 3.63902 0.00351545
24 48 3.6454 0.00371113
24 52 3.65179 0.00334157
24 56 3.65721 0.00250088
24 60 3.66083 0.00133294

28 0 3.6558 2.6438e-16
28 4 3.65452 -0.00374501
28 8 3.6509 -0.00695441
28 12 3.6455 -0.00915363
28 16 3.63913 -0.00999325
28 20 3.63278 -0.00931104
28 24 3.62742 -0.00717702
28 28 3.62384 -0.00390242
28 32 3.62258 5.2774e-16
28 36 3.62384 0.00390242
28 40 3.62742 0.00717702
28 44 3.63278 0.00931104
28 48 3.63913 0.00999325
28 52 3.6455 0.00915363
28 56 3.6509 0.00695441
28 60 3.65452 0.00374501

32 0 3.64732 -1.05684e-15
32 4 3.64607 -0.006224
32 8 3.64253 -0.0115271
32 12 3.63724 -0.0151125
32 16 3.63103 -0.0164232
32 20 3.62484 -0.0152331
32 24 3.61962 -0.0116976
32 28 3.61613 -0.00634462
32 32 3.61491 2.63756e-16
32 36 3.61613 0.00634462
32 40 3.61962 0.0116976
32 44 3.62484 0.0152331
32 48 3.63103 0.0164232
32 52 3.63724 0.0151125
32 56 3.64253 0.0115271
32 60 3.64607 0.006224

36 0 3.63677 -1.32005e-15
36 4 3.63556 -0.00866848
36 8 3.63211 -0.0160332
36 12 3.62696 -0.0209792
36 16 3.62091 -0.0227467
36 20 3.61489 -0.0210508
36 24 3.6098 -0.0161345
36 28 3.60642 -0.00874017
36 32 3.60523 2.63628e-16
36 36 3.60642 0.00874017
36 40 3.6098 0.0161345
36 44 3.61489 0.0210508
36 48 3.62091 0.0227467
36 52 3.62696 0.0209792
36 56 3.63211 0.0160332
36 60 3.63556 0.00866848

40 0 3.62441 1.05513e-15
40 4 3.6232 -0.0110483
40 8 3.61979 -0.0204194
40 12 3.61468 -0.0266886
40 16 3.60869 -0.0288994
40 20 3.60272 -0.0267104
40 24 3.59767 -0.0204502
40 28 3.59431 -0.0110701
40 32 3.59313 -1.05393e-15
40 36 3.59431 0.0110701
40 40 3.59767 0.0204502
40 44 3.60272 0.0267104
40 48 3.60869 0.0288994
40 52 3.61468 0.0266886
40 56 3.61979 0.0204194
40 60 3.6232 0.0110483

44 0 3.61073 2.37178e-15
44 4 3.60949 -0.0134294
44 8 3.60596 -0.0248108
44 12 3.60068 -0.0324102
44 16 3.59447 -0.0350725
44 20 3.58826 -0.0323956
44 24 3.58301 -0.0247901
44 28 3.57951 -0.0134148
44 32 3.57828 -2.6332e-16
44 36 3.57951 0.0134148
44 40 3.58301 0.0247901
44 44 3.58826 0.0323956
44 48 3.59447 0.0350725
44 52 3.60068 0.0324102
44 56 3.60596 0.0248108
44 60 3.60949 0.0134294

48 0 3.59665 0
48 4 3.59527 -0.0159609
48 8 3.59135 -0.0294873
48 12 3.58548 -0.0385184
48 16 3.57855 -0.0416823
48 20 3.57159 -0.0385016
48 24 3.56568 -0.0294635
48 28 3.56172 -0.0159442
48 32 3.56033 1.57883e-15
48 36 3.56172 0.0159442
48 40 3.56568 0.0294635
48 44 3.57159 0.0385016
48 48 3.57855 0.0416823
48 52 3.58548 0.0385184
48 56 3.59135 0.0294873
48 60 3.59527 0.0159609

52 0 3.58348 0
52 4 3.58182 -0.0188874
52 8 3.57707 -0.0349077
52 12 3.56993 -0.0456271
52 16 3.56144 -0.0494122
52 20 3.55288 -0.0456777
52 24 3.54556 -0.0349795
52 28 3.54065 -0.0189383
52 32 3.53891 -1.57763e-15
52 36 3.54065 0.0189383
52 40 3.54556 0.0349795
52 44 3.55288 0.0456777
52 48 3.56144 0.0494122
52 52 3.56993 0.0456271
52 56 3.57707 0.0349077
52 60 3.58182 0.0188874

56 0 3.57308 -2.10181e-15
56 4 3.5709 -0.0225841
56 8 3.56465 -0.0417792
56 12 3.55519 -0.0546873
56 16 3.54388 -0.0593282
56 20 3.5324 -0.0549446
56 24 3.52251 -0.0421438
56 28 3.51582 -0.0228426
56 32 3.51345 0
56 36 3.51582 0.0228426
56 40 3.52251 0.0421438
56 44 3.5324 0.0549446
56 48 3.54388 0.0593282
56 52 3.55519 0.0546873
56 56 3.56465 0.0417792
56 60 3.5709 0.0225841

60 0 3.56793 -2.09982e-15
60 4 3.56489 -0.0276038
60 8 3.55616 -0.0511496
60 12 3.54288 -0.0671231
60 16 3.52686 -0.0730464
60 20 3.51044 -0.0678704
60 24 3.49617 -0.0522096
60 28 3.48646 -0.0283557
60 32 3.48301 1.57497e-15
60 36 3.48646 0.0283557
60 40 3.49617 0.0522096
60 44 3.51044 0.0678704
60 48 3.52686 0.0730464
60 52 3.54288 0.0671231
60 56 3.55616 0.0511496
60 60 3.56489 0.0276038

64 0 3.57126 -1.57355e-15
64 4 3.5669 -0.0347291
64 8 3.55433 -0.0645183
64 12 3.53507 -0.0850046
64 16 3.51159 -0.0929637
64 20 3.48724 -0.0868304
64 24 3.46584 -0.067112
64 28 3.45112 -0.0365721
64 32 3.44586 -1.31128e-15
64 36 3.45112 0.0365721
64 40 3.46584 0.067112
64 44 3.48724 0.0868304
64 48 3.51159 0.0929637
64 52 3.53507 0.0850046
64 56 3.55433 0.0645183
64 60 3.5669 0.0347291

68 0 3.5873 -1.04834e-15
68 4 3.581 -0.0450273
68 8 3.56274 -0.0839613
68 12 3.5345 -0.111267
68 16 3.49964 -0.122579
68 20 3.46291 -0.115403
68 24 3.4301 -0.089853
68 28 3.4072 -0.0492265
68 32 3.39895 1.57205e-15
68 36 3.4072 0.0492265
68 40 3.4301 0.089853
68 44 3.46291 0.115403
68 48 3.49964 0.122579
68 52 3.5345 0.111267
68 56 3.56274 0.0839613
68 60 3.581 0.0450273

72 0 3.62146 -3.40564e-15
72 4 3.61243 -0.059889
72 8 3.5861 -0.112244
72 12 3.54487 -0.149954
72 16 3.49309 -0.166923
72 20 3.43738 -0.158975
72 24 3.38647 -0.125152
72 28 3.35017 -0.0691391
72 32 3.3369 2.61749e-16
72 36 3.35017 0.0691391
72 40 3.38647 0.125152
72 44 3.43738 0.158975
72 48 3.49309 0.166923
72 52 3.54487 0.149954
72 56 3.5861 0.112244
72 60 3.61243 0.059889

76 0 3.68061 0
76 4 3.66792 -0.0810052
76 8 3.63061 -0.152834
76 12 3.57129 -0.206392
76 16 3.49509 -0.233037
76 20 3.41067 -0.225606
76 24 3.33095 -0.180536
76 28 3.27224 -0.101047
76 32 3.25023 0
76 36 3.27224 0.101047
76 40 3.33095 0.180536
76 44 3.41067 0.225606
76 48 3.49509 0.233037
76 52 3.57129 0.206392
76 56 3.63061 0.152834
76 60 3.66792 0.0810052

80 0 3.77319 -7.86012e-16
80 4 3.75585 -0.110199
80 8 3.70443 -0.209634
80 12 3.62107 -0.287
80 16 3.51079 -0.330193
80 20 3.38371 -0.327003
80 24 3.25789 -0.268049
80 28 3.16044 -0.153173
80 32 3.12223 1.30573e-15
80 36 3.16044 0.153173
80 40 3.25789 0.268049
80 44 3.38371 0.327003
80 48 3.51079 0.330193
80 52 3.62107 0.287
80 56 3.70443 0.209634
80 60 3.75585 0.110199

84 0 3.90911 1.31097e-15
84 4 3.88629 -0.148998
84 8 3.8179 -0.286129
84 12 3.70454 -0.398107
84 16 3.54909 -0.468839
84 20 3.36046 -0.478605
84 24 3.16086 -0.406259
84 28 2.99384 -0.240058
84 32 2.92256 0
84 36 2.99384 0.240058
84 40 3.16086 0.406259
84 44 3.36046 0.478605
84 48 3.54909 0.468839
84 52 3.70454 0.398107
84 56 3.8179 0.286129
84 60 3.88629 0.148998

88 0 4.09907 0
88 4 4.0703 -0.197893
88 8 3.98313 -0.383663
88 12 3.83523 -0.54284
88 16 3.62431 -0.655864
88 20 3.35229 -0.694682
88 24 3.03731 -0.619409
88 28 2.74129 -0.386686
88 32 2.59328 -2.60142e-16
88 36 2.74129 0.386686
88 40 3.03731 0.619409
88 44 3.35229 0.694682
88 48 3.62431 0.655864
88 52 3.83523 0.54284
88 56 3.98313 0.383663
88 60 4.0703 0.197893

92 0 4.35315 1.05229e-15
92 4 4.3184 -0.255445
92 8 4.21195 -0.4991
92 12 4.02719 -0.715907
92 16 3.75378 -0.883767
92 20 3.38025 -0.968573
92 24 2.90327 -0.9159
92 28 2.36886 -0.628225
92 32 2.01421 -2.59073e-16
92 36 2.36886 0.628225
92 40 2.90327 0.9159
92 44 3.38025 0.968573
92 48 3.75378 0.883767
92 52 4.02719 0.715907
92 56 4.21195 0.4991
92 60 4.3184 0.255445

96 0 4.6788 2.90219e-15
96 4 4.63812 -0.317811
96 8 4.51193 -0.623322
96 12 4.2877 -0.899268
96 16 3.94462 -1.11847
96 20 3.4555 -1.23948
96 24 2.79087 -1.20283
96 28 1.91955 -0.916231
96 32 0.906467 -7.69658e-16
96 36 1.91955 0.916231
96 40 2.79087 1.20283
96 44 3.4555 1.23948
96 48 3.94462 1.11847
96 52 4.2877 0.899268
96 56 4.51193 0.623322
96 60 4.63812 0.317811

100 0 5.07889 2.64875e-16
100 4 5.03156 -0.379513
100 8 4.88207 -0.743276
100 12 4.60786 -1.06645
100 16 4.17218 -1.30667
100 20 3.52859 -1.39844
100 24 2.62641 -1.25213
100 28 1.38081 -0.742206
100 32 0 0
100 36 1.38081 0.742206
100 40 2.62641 1.25213
100 44 3.52859 1.39844
100 48 4.17218 1.30667
100 52 4.60786 1.06645
100 56 4.88207 0.743276
100 60 5.03156 0.379513

104 0 5.55102 2.12987e-15
104 4 5.49489 -0.435449
104 8 5.31271 -0.848345
104 12 4.96346 -1.20004
104 16 4.38275 -1.42238
104 20 3.49627 -1.41432
104 24 2.23396 -1.06013
104 28 0.4711 -0.249053
104 32 0 0
104 36 0.4711 0.249053
104 40 2.23396 1.06013
104 44 3.49627 1.41432
104 48 4.38275 1.42238
104 52 4.96346 1.20004
104 56 5.31271 0.848345
104 60 5.49489 0.435449

108 0 6.08817 -5.35897e-16
108 4 6.02024 -0.481719
108 8 5.7919 -0.933485
108 12 5.3313 -1.2997
108 16 4.53233 -1.48011
108 20 3.29477 -1.33506
108 24 1.57612 -0.741314
108 28 0 0
108 32 0 0
108 36 0 0
108 40 1.57612 0.741314
108 44 3.29477 1.33506
108 48 4.53233 1.48011
108 52 5.3313 1.2997
108 56 5.7919 0.933485
108 60 6.02024 0.481719

112 0 6.67832 1.08019e-15
112 4 6.5969 -0.513011
112 8 6.31148 -0.993452
112 12 5.70205 -1.37045
112 16 4.59955 -1.50258
112 20 2.88033 -1.18847
112 24 0.577219 -0.270904
112 28 0 0
112 32 0 0
112 36 0 0
112 40 0.577219 0.270904
112 44 2.88033 1.18847
112 48 4.59955 1.50258
112 52 5.70205 1.37045
112 56 6.31148 0.993452
112 60 6.5969 0.513011

116 0 7.29949 0
116 4 7.20705 -0.516693
116 8 6.86649 -1.00844
116 12 6.08363 -1.39966
116 16 4.57263 -1.49061
116 20 2.16247 -0.924237
116 24 0 0
116 28 0 0
116 32 0 0
116 36 0 0
116 40 0 0
116 44 2.16247 0.924237
116 48 4.57263 1.49061
116 52 6.08363 1.39966
116 56 6.86649 1.00844
116 60 7.20705 0.516693

120 0 7.90817 1.10107e-15
120 4 7.81115 -0.467238
120 8 7.43662 -0.9211
120 12 6.49674 -1.30863
120 16 4.44421 -1.38768
120 20 0.868589 -0.375367
120 24 0 0
120 28 0 0
120 32 0 0
120 36 0 0
120 40 0 0
120 44 0.868589 0.375367
120 48 4.44421 1.38768
120 52 6.49674 1.30863
120 56 7.43662 0.9211
120 60 7.81115 0.467238

124 0 8.42714 -1.66789e-15
124 4 8.32618 -0.332884
124 8 7.92745 -0.635327
124 12 6.88677 -0.850495
124 16 4.30111 -0.876615
124 20 0 0
124 24 0 0
124 28 0 0
124 32 0 0
124 36 0 0
124 40 0 0
124 44 0 0
124 48 4.30111 0.876615
124 52 6.88677 0.850495
124 56 7.92745 0.635327
124 60 8.32618 0.332884

128 0 8.75558 3.36165e-15
128 4 8.62883 -0.117642
128 8 8.13218 -0.143921
128 12 6.85702 0.0564447
128 16 3.92343 0.581757
128 20 0.346219 -0.148146
128 24 0.0119026 -0.35394
128 28 -0.0416893 -0.207936
128 32 -0.0526814 0
128 36 -0.0416893 0.207936
128 40 0.0119026 0.35394
128 44 0.346219 0.148146
128 48 3.92343 -0.581757
128 52 6.85702 -0.0564447
128 56 8.13218 0.143921
128 60 8.62883 0.117642

132 0 8.83528 -1.68786e-15
132 4 8.65664 0.098515
132 8 7.99121 0.3017
132 12 6.46073 0.667174
132 16 3.81802 0.914107
132 20 1.18405 0.442806
132 24 0.125254 -0.0481521
132 28 -0.176938 -0.118163
132 32 -0.244384 9.96807e-16
132 36 -0.176938 0.118163
132 40 0.125254 0.0481521
132 44 1.18405 -0.442806
132 48 3.81802 -0.914107
132 52 6.46073 -0.667174
132 56 7.99121 -0.3017
132 60 8.65664 -0.098515

136 0 8.69145 -5.63161e-16
136 4 8.4616 0.2614
136 8 7.67023 0.589095
136 12 6.11663 0.94197
136 16 3.88213 1.07937
136 20 1.73479 0.777625
136 24 0.459636 0.353116
136 28 -0.109487 0.102701
136 32 -0.263289 2.98122e-15
136 36 -0.109487 -0.102701
136 40 0.459636 -0.353116
136 44 1.73479 -0.777625
136 48 3.88213 -1.07937
136 52 6.11663 -0.94197
136 56 7.67023 -0.589095
136 60 8.4616 -0.2614

140 0 8.39131 -1.12511e-15
140 4 8.13151 0.358322
140 8 7.3008 0.731778
140 12 5.84544 1.0506
140 16 3.94455 1.15387
140 20 2.11619 0.948983
140 24 0.831493 0.592103
140 28 0.136787 0.26456
140 32 -0.0762027 2.68624e-15
140 36 0.136787 -0.26456
140 40 0.831493 -0.592103
140 44 2.11619 -0.948983
140 48 3.94455 -1.15387
140 52 5.84544 -1.0506
140 56 7.3008 -0.731778
140 60 8.13151 -0.358322

144 0 8.00483 5.61436e-16
144 4 7.73997 0.401347
144 8 6.93418 0.781186
144 12 5.61764 1.06865
144 16 3.98474 1.15866
144 20 2.40166 1.00761
144 24 1.19362 0.699522
144 28 0.475323 0.347152
144 32 0.241062 0
144 36 0.475323 -0.347152
144 40 1.19362 -0.699522
144 44 2.40166 -1.00761
144 48 3.98474 -1.15866
144 52 5.61764 -1.06865
144 56 6.93418 -0.781186
144 60 7.73997 -0.401347

148 0 7.58456 -5.60218e-16
148 4 7.33208 0.409681
148 8 6.58651 0.777448
148 12 5.41743 1.03821
148 16 4.00704 1.12075
148 20 2.62963 1.00111
148 24 1.53212 0.728322
148 28 0.846423 0.377264
148 32 0.615577 -5.61017e-16
148 36 0.846423 -0.377264
148 40 1.53212 -0.728322
148 44 2.62963 -1.00111
148 48 4.00704 -1.12075
148 52 5.41743 -1.03821
148 56 6.58651 -0.777448
148 60 7.33208 -0.409681

152 0 7.16214 1.11826e-15
152 4 6.93138 0.398973
152 8 6.26166 0.746945
152 12 5.23596 0.985387
152 16 4.01657 1.06251
152 20 2.81942 0.962607
152 24 1.8431 0.71671
152 28 1.2168 0.378946
152 32 1.00239 9.78759e-16
152 36 1.2168 -0.378946
152 40 1.8431 -0.71671
152 44 2.81942 -0.962607
152 48 4.01657 -1.06251
152 52 5.23596 -0.985387
152 56 6.26166 -0.746945
152 60 6.93138 -0.398973

156 0 6.75355 0
156 4 6.54838 0.379174
156 8 5.95878 0.704901
156 12 5.06763 0.924428
156 16 4.01641 0.996988
156 20 2.98102 0.910426
156 24 2.12603 0.686135
156 28 1.56978 0.366614
156 32 1.37765 -2.79001e-16
156 36 1.56978 -0.366614
156 40 2.12603 -0.686135
156 44 2.98102 -0.910426
156 48 4.01641 -0.996988
156 52 5.06763 -0.924428
156 56 5.95878 -0.704901
156 60 6.54838 -0.379174

160 0 6.36565 -5.57686e-16
160 4 6.18681 0.355496
160 8 5.67571 0.658574
160 12 4.90891 0.861337
160 16 4.00829 0.929514
160 20 3.11978 0.852636
160 24 2.38132 0.646762
160 28 1.89733 0.347483
160 32 1.72937 5.57149e-16
160 36 1.89733 -0.347483
160 40 2.38132 -0.646762
160 44 3.11978 -0.852636
160 48 4.00829 -0.929514
160 52 4.90891 -0.861337
160 56 5.67571 -0.658574
160 60 6.18681 -0.355496

164 0 6.00087 0
164 4 5.84747 0.330086
164 8 5.41048 0.61046
164 12 4.75772 0.79744
164 16 3.99311 0.86101
164 20 3.23842 0.791744
164 24 2.60923 0.602621
164 28 2.19533 0.324693
164 32 2.05134 0
164 36 2.19533 -0.324693
164 40 2.60923 -0.602621
164 44 3.23842 -0.791744
164 48 3.99311 -0.86101
164 52 4.75772 -0.79744
164 56 5.41048 -0.61046
164 60 5.84747 -0.330086

168 0 5.66001 2.78676e-16
168 4 5.53041 0.303504
168 8 5.16195 0.560804
168 12 4.61306 0.732108
168 16 3.97138 0.790657
168 20 3.33819 0.727922
168 24 2.80965 0.554972
168 28 2.46135 0.299441
168 32 2.34004 -5.56652e-16
168 36 2.46135 -0.299441
168 40 2.80965 -0.554972
168 44 3.33819 -0.727922
168 48 3.97138 -0.790657
168 52 4.61306 -0.732108
168 56 5.16195 -0.560804
168 60 5.53041 -0.303504

172 0 5.34366 -2.78794e-16
172 4 5.23586 0.275734
172 8 4.92978 0.509209
172 12 4.47469 0.664433
172 16 3.9435 0.717518
172 20 3.41966 0.660862
172 24 2.98228 0.504193
172 28 2.69383 0.27221
172 32 2.59332 -5.56938e-16
172 36 2.69383 -0.27221
172 40 2.98228 -0.504193
172 44 3.41966 -0.660862
172 48 3.9435 -0.717518
172 52 4.47469 -0.664433
172 56 4.92978 -0.509209
172 60 5.23586 -0.275734

176 0 5.05265 1.11613e-15
176 4 4.96446 0.246774
176 8 4.71431 0.45553
176 12 4.34289 0.59411
176 16 3.90991 0.64139
176 20 3.48322 0.590727
176 24 3.12697 0.450757
176 28 2.89197 0.243408
176 32 2.81005 -5.5752e-16
176 36 2.89197 -0.243408
176 40 3.12697 -0.450757
176 44 3.48322 -0.590727
176 48 3.90991 -0.64139
176 52 4.34289 -0.59411
176 56 4.71431 -0.45553
176 60 4.96446 -0.246774

180 0 4.78804 0
180 4 4.71719 0.216925
180 8 4.51632 0.400281
180 12 4.21836 0.521815
180 16 3.87134 0.563123
180 20 3.52954 0.518522
180 24 3.24417 0.395628
180 28 3.05589 0.213638
180 32 2.99024 1.11668e-15
180 36 3.05589 -0.213638
180 40 3.24417 -0.395628
180 44 3.52954 -0.518522
180 48 3.87134 -0.563123
180 52 4.21836 -0.521815
180 56 4.51632 -0.400281
180 60 4.71719 -0.216925

184 0 4.55091 5.59605e-16
184 4 4.49505 0.186859
184 8 4.33675 0.344696
184 12 4.10207 0.44918
184 16 3.82887 0.484565
184 20 3.55983 0.446073
184 24 3.33517 0.340303
184 28 3.18689 0.183753
184 32 3.13518 5.59336e-16
184 36 3.18689 -0.183753
184 40 3.33517 -0.340303
184 44 3.55983 -0.446073
184 48 3.82887 -0.484565
184 52 4.10207 -0.44918
184 56 4.33675 -0.344696
184 60 4.49505 -0.186859

188 0 4.342 2.80286e-16
188 4 4.29882 0.157523
188 8 4.17646 0.290523
188 12 3.9951 0.378489
188 16 3.78397 0.408212
188 20 3.576 0.375726
188 24 3.40225 0.286615
188 28 3.28751 0.15476
188 32 3.24748 0
188 36 3.28751 -0.15476
188 40 3.40225 -0.286615
188 44 3.576 -0.375726
188 48 3.78397 -0.408212
188 52 3.9951 -0.378489
188 56 4.17646 -0.290523
188 60 4.29882 -0.157523

192 0 4.16152 5.61598e-16
192 4 4.12879 0.129952
192 8 4.03605 0.239654
192 12 3.89856 0.312193
192 16 3.73843 0.336694
192 20 3.58059 0.309902
192 24 3.44861 0.236415
192 28 3.36138 0.127661
192 32 3.33093 8.42348e-16
192 36 3.36138 -0.127661
192 40 3.44861 -0.236415
192 44 3.58059 -0.309902
192 48 3.73843 -0.336694
192 52 3.89856 -0.312193
192 56 4.03605 -0.239654
192 60 4.12879 -0.129952

196 0 4.0089 0
196 4 3.98457 0.105057
196 8 3.91563 0.193754
196 12 3.81335 0.252425
196 16 3.69414 0.272278
196 20 3.57651 0.250662
196 24 3.47804 0.191261
196 28 3.41289 0.103294
196 32 3.39014 0
196 36 3.41289 -0.103294
196 40 3.47804 -0.191261
196 44 3.57651 -0.250662
196 48 3.69414 -0.272278
196 52 3.81335 -0.252425
196 56 3.91563 -0.193754
196 60 3.98457 -0.105057

200 0 3.88281 -2.81792e-16
200 4 3.86507 0.0834693
200 8 3.81475 0.153967
200 12 3.74006 0.200645
200 16 3.6529 0.216501
200 20 3.56677 0.199389
200 24 3.49458 0.152191
200 28 3.44676 0.0822141
200 32 3.43005 2.81846e-16
200 36 3.44676 -0.0822141
200 40 3.49458 -0.152191
200 44 3.56677 -0.199389
200 48 3.6529 -0.216501
200 52 3.74006 -0.200645
200 56 3.81475 -0.153967
200 60 3.86507 -0.0834693

204 0 3.7812 -2.82224e-16
204 4 3.76848 0.0654698
204 8 3.7324 0.120798
204 12 3.67878 0.157486
204 16 3.61613 0.170019
204 20 3.55413 0.156665
204 24 3.50209 0.119636
204 28 3.46757 0.0646487
204 32 3.45551 -2.823e-16
204 36 3.46757 -0.0646487
204 40 3.50209 -0.119636
204 44 3.55413 -0.156665
204 48 3.61613 -0.170019
204 52 3.67878 -0.157486
204 56 3.7324 -0.120798
204 60 3.76848 -0.0654698

208 0 3.70146 5.65182e-16
208 4 3.69248 0.0510059
208 8 3.66701 0.0941429
208 12 3.62912 0.1228
208 16 3.58478 0.132657
208 20 3.54084 0.122317
208 24 3.5039 0.0934595
208 28 3.47937 0.0505227
208 32 3.47079 -1.97881e-15
208 36 3.47937 -0.0505227
208 40 3.5039 -0.0934595
208 44 3.54084 -0.122317
208 48 3.58478 -0.132657
208 52 3.62912 -0.1228
208 56 3.66701 -0.0941429
208 60 3.69248 -0.0510059

212 0 3.6406 -1.13155e-15
212 4 3.63435 0.0397681
212 8 3.61661 0.0734299
212 12 3.59019 0.095839
212 16 3.55924 0.103605
212 20 3.52852 0.0955984
212 24 3.50265 0.0730896
212 28 3.48546 0.0395275
212 32 3.47944 -2.83003e-16
212 36 3.48546 -0.0395275
212 40 3.50265 -0.0730896
212 44 3.52852 -0.0955984
212 48 3.55924 -0.103605
212 52 3.59019 -0.095839
212 56 3.61661 -0.0734299
212 60 3.63435 -0.0397681

216 0 3.59553 -3.11422e-15
216 4 3.59122 0.0312906
216 8 3.57899 0.0578003
216 12 3.56077 0.0754862
216 16 3.53939 0.0816631
216 20 3.51813 0.0754077
216 24 3.50021 0.0576892
216 28 3.48829 0.0312121
216 32 3.48411 -2.83252e-16
216 36 3.48829 -0.0312121
216 40 3.50021 -0.0576892
216 44 3.51813 -0.0754077
216 48 3.53939 -0.0816631
216 52 3.56077 -0.0754862
216 56 3.57899 -0.0578003
216 60 3.59122 -0.0312906

220 0 3.56322 -1.69961e-15
220 4 3.56027 0.0250468
220 8 3.55189 0.046285
220 12 3.53939 0.0604834
220 16 3.5247 0.0654787
220 20 3.51008 0.0605059
220 24 3.49774 0.0463168
220 28 3.48952 0.0250693
220 32 3.48664 -3.11785e-15
220 36 3.48952 -0.0250693
220 40 3.49774 -0.0463168
220 44 3.51008 -0.0605059
220 48 3.5247 -0.0654787
220 52 3.53939 -0.0604834
220 56 3.55189 -0.046285
220 60 3.56027 -0.0250468

224 0 3.5409 -2.83371e-16
224 4 3.53887 0.0205221
224 8 3.53312 0.037937
224 12 3.52452 0.0496006
224 16 3.51441 0.0537306
224 20 3.50434 0.0496809
224 24 3.49582 0.0380505
224 28 3.49014 0.0206024
224 32 3.48815 -1.41791e-15
224 36 3.49014 -0.0206024
224 40 3.49582 -0.0380505
224 44 3.50434 -0.0496809
224 48 3.51441 -0.0537306
224 52 3.52452 -0.0496006
224 56 3.53312 -0.037937
224 60 3.53887 -0.0205221

228 0 3.52609 -2.83429e-16
228 4 3.52468 0.0172591
228 8 3.52067 0.0319139
228 12 3.51468 0.0417432
228 16 3.50762 0.0452412
228 20 3.50057 0.041852
228 24 3.49461 0.0320678
228 28 3.49063 0.017368
228 32 3.48923 -1.13474e-15
228 36 3.49063 -0.017368
228 40 3.49461 -0.0320678
228 44 3.50057 -0.041852
228 48 3.50762 -0.0452412
228 52 3.51468 -0.0417432
228 56 3.52067 -0.0319139
228 60 3.52468 -0.0172591

232 0 3.51673 0
232 4 3.51572 0.0148777
232 8 3.51283 0.0275156
232 12 3.50851 0.0360004
232 16 3.50341 0.0390301
232 20 3.49831 0.0361182
232 24 3.49399 0.0276822
232 28 3.49111 0.0149955
232 32 3.49009 5.67519e-16
232 36 3.49111 -0.0149955
232 40 3.49399 -0.0276822
232 44 3.49831 -0.0361182
232 48 3.50341 -0.0390301
232 52 3.50851 -0.0360004
232 56 3.51283 -0.0275156
232 60 3.51572 -0.0148777

236 0 3.51113 0
236 4 3.51035 0.0130782
236 8 3.50815 0.0241897
236 12 3.50485 0.031653
236 16 3.50095 0.034322
236 20 3.49704 0.0317662
236 24 3.49372 0.0243498
236 28 3.4915 0.0131914
236 32 3.49072 0
236 36 3.4915 -0.0131914
236 40 3.49372 -0.0243498
236 44 3.49704 -0.0317662
236 48 3.50095 -0.034322
236 52 3.50485 -0.031653
236 56 3.50815 -0.0241897
236 60 3.51035 -0.0130782

240 0 3.50794 5.66883e-16
240 4 3.5073 0.0116338
240 8 3.50548 0.0215177
240 12 3.50274 0.0281558
240 16 3.49951 0.0305288
240 20 3.49626 0.0282544
240 24 3.4935 0.0216571
240 28 3.49165 0.0117324
240 32 3.491 2.83864e-15
240 36 3.49165 -0.0117324
240 40 3.4935 -0.0216571
240 44 3.49626 -0.0282544
240 48 3.49951 -0.0305288
240 52 3.50274 -0.0281558
240 56 3.50548 -0.0215177
240 60 3.5073 -0.0116338

244 0 3.50616 1.98397e-15
244 4 3.50559 0.0103785
244 8 3.50394 0.0191934
244 12 3.50146 0.0251096
244 16 3.49853 0.0272196
244 20 3.49558 0.0251858
244 24 3.49306 0.0193012
244 28 3.49138 0.0104547
244 32 3.49078 -2.83908e-16
244 36 3.49138 -0.0104547
244 40 3.49306 -0.0193012
244 44 3.49558 -0.0251858
244 48 3.49853 -0.0272196
244 52 3.50146 -0.0251096
244 56 3.50394 -0.0191934
244 60 3.50559 -0.0103785

248 0 3.50508 1.13362e-15
248 4 3.50451 0.00919457
248 8 3.5029 0.0169998
248 12 3.50047 0.0222316
248 16 3.49759 0.0240892
248 20 3.49469 0.0222794
248 24 3.49222 0.0170674
248 28 3.49056 0.0092424
248 32 3.48998 0
248 36 3.49056 -0.0092424
248 40 3.49222 -0.0170674
248 44 3.49469 -0.0222794
248 48 3.49759 -0.0240892
248 52 3.50047 -0.0222316
248 56 3.5029 -0.0169998
248 60 3.50451 -0.00919457

252 0 3.5042 -1.41696e-15
252 4 3.50362 0.00800208
252 8 3.50194 0.0147893
252 12 3.49943 0.0193298
252 16 3.49644 0.0209307
252 20 3.49344 0.0193449
252 24 3.49087 0.0148107
252 28 3.48915 0.00801715
252 32 3.48854 -1.70397e-15
252 36 3.48915 -0.00801715
252 40 3.49087 -0.0148107
252 44 3.49344 -0.0193449
252 48 3.49644 -0.0209307
252 52 3.49943 -0.0193298
252 56 3.50194 -0.0147893
252 60 3.50362 -0.00800208

256 0 3.50324 0
256 4 3.50261 0.0067499
256 8 3.50083 0.0124681
256 12 3.49814 0.0162822
256 16 3.49496 0.0176131
256 20 3.49175 0.0162622
256 24 3.48902 0.0124398
256 28 3.48718 0.00672992
256 32 3.48654 0
256 36 3.48718 -0.00672992
256 40 3.48902 -0.0124398
256 44 3.49175 -0.0162622
256 48 3.49496 -0.0176131
256 52 3.49814 -0.0162822
256 56 3.50083 -0.0124681
256 60 3.50261 -0.0067499

260 0 3.50206 8.50159e-16
260 4 3.50139 0.0054097
260 8 3.49946 0.00998424
260 12 3.49657 0.0130222
260 16 3.49315 0.0140657
260 20 3.4897 0.0129674
260 24 3.48676 0.00990678
260 28 3.48479 0.00535492
260 32 3.4841 1.98859e-15
260 36 3.48479 -0.00535492
260 40 3.48676 -0.00990678
260 44 3.4897 -0.0129674
260 48 3.49315 -0.0140657
260 52 3.49657 -0.0130222
260 56 3.49946 -0.00998424
260 60 3.50139 -0.0054097

264 0 3.50065 1.70037e-15
264 4 3.49993 0.00397172
264 8 3.49787 0.00732036
264 12 3.49477 0.00952829
264 16 3.4911 0.0102668
264 20 3.48742 0.00944191
264 24 3.48428 0.0071982
264 28 3.48217 0.00388534
264 32 3.48143 3.12538e-15
264 36 3.48217 -0.00388534
264 40 3.48428 -0.0071982
264 44 3.48742 -0.00944191
264 48 3.4911 -0.0102668
264 52 3.49477 -0.00952829
264 56 3.49787 -0.00732036
264 60 3.49993 -0.00397172

268 0 3.49909 5.6682e-16
268 4 3.49833 0.00244199
268 8 3.49615 0.00448827
268 12 3.49287 0.0058172
268 16 3.48899 0.00623621
268 20 3.48511 0.00570554
268 24 3.4818 0.00433034
268 28 3.47958 0.00233033
268 32 3.4788 -5.68322e-16
268 36 3.47958 -0.00233033
268 40 3.4818 -0.00433034
268 44 3.48511 -0.00570554
268 48 3.48899 -0.00623621
268 52 3.49287 -0.0058172
268 56 3.49615 -0.00448827
268 60 3.49833 -0.00244199

272 0 3.4975 0
272 4 3.4967 0.000840477
272 8 3.49444 0.00152548
272 12 3.49104 0.00193923
272 16 3.48703 0.00203
272 20 3.48301 0.00181155
272 24 3.47959 0.00134492
272 28 3.47731 0.0007128
272 32 3.47651 2.84186e-15
272 36 3.47731 -0.0007128
272 40 3.47959 -0.00134492
272 44 3.48301 -0.00181155
272 48 3.48703 -0.00203
272 52 3.49104 -0.00193923
272 56 3.49444 -0.00152548
272 60 3.4967 -0.000840477

276 0 3.496 2.83456e-15
276 4 3.4952 -0.000800474
276 8 3.4929 -0.00150768
276 12 3.48947 -0.00202583
276 16 3.48541 -0.00226421
276 20 3.48136 -0.00215792
276 24 3.47792 -0.00169449
276 28 3.47562 -0.000932565
276 32 3.47482 3.69456e-15
276 36 3.47562 0.000932565
276 40 3.47792 0.00169449
276 44 3.48136 0.00215792
276 48 3.48541 0.00226421
276 52 3.48947 0.00202583
276 56 3.4929 0.00150768
276 60 3.4952 0.000800474

280 0 3.49473 0
280 4 3.49394 -0.00243769
280 8 3.49168 -0.00453117
280 12 3.48831 -0.00597282
280 16 3.48434 -0.00653193
280 20 3.48037 -0.00609652
280 24 3.47702 -0.0047061
280 28 3.47477 -0.00256138
280 32 3.47399 1.42096e-15
280 36 3.47477 0.00256138
280 40 3.47702 0.0047061
280 44 3.48037 0.00609652
280 48 3.48434 0.00653193
280 52 3.48831 0.00597282
280 56 3.49168 0.00453117
280 60 3.49394 0.00243769

284 0 3.49377 1.70108e-15
284 4 3.49302 -0.00401917
284 8 3.49088 -0.00744893
284 12 3.48769 -0.00977632
284 16 3.48394 -0.0106375
284 20 3.4802 -0.00987908
284 24 3.47704 -0.00759425
284 28 3.47493 -0.00412193
284 32 3.47419 1.13667e-15
284 36 3.47493 0.00412193
284 40 3.47704 0.00759425
284 44 3.4802 0.00987908
284 48 3.48394 0.0106375
284 52 3.48769 0.00977632
284 56 3.49088 0.00744893
284 60 3.49302 0.00401917

288 0 3.49315 2.83543e-16
288 4 3.49247 -0.00548663
288 8 3.49054 -0.0101537
288 12 3.48766 -0.0132969
288 16 3.48428 -0.0144312
288 20 3.48091 -0.0133682
288 24 3.47807 -0.0102544
288 28 3.47618 -0.00555788
288 32 3.47552 -2.84124e-16
288 36 3.47618 0.00555788
288 40 3.47807 0.0102544
288 44 3.48091 0.0133682
288 48 3.48428 0.0144312
288 52 3.48766 0.0132969
288 56 3.49054 0.0101537
288 60 3.49247 0.00548663

292 0 3.49284 -5.67149e-16
292 4 3.49226 -0.00677865
292 8 3.49062 -0.0125327
292 12 3.48818 -0.0163889
292 16 3.48532 -0.0177571
292 20 3.48248 -0.0164217
292 24 3.48009 -0.0125791
292 28 3.4785 -0.00681146
292 32 3.47794 0
292 36 3.4785 0.00681146
292 40 3.48009 0.0125791
292 44 3.48248 0.0164217
292 48 3.48532 0.0177571
292 52 3.48818 0.0163889
292 56 3.49062 0.0125327
292 60 3.49226 0.00677865

296 0 3.49273 1.70164e-15
296 4 3.49229 -0.00783431
296 8 3.49103 -0.0144744
296 12 3.48916 -0.0189087
296 16 3.48696 -0.0204626
296 20 3.48479 -0.0189011
296 24 3.48296 -0.0144637
296 28 3.48175 -0.00782669
296 32 3.48132 -1.41993e-15
296 36 3.48175 0.00782669
296 40 3.48296 0.0144637
296 44 3.48479 0.0189011
296 48 3.48696 0.0204626
296 52 3.48916 0.0189087
296 56 3.49103 0.0144744
296 60 3.49229 0.00783431

300 0 3.49269 0
300 4 3.4924 -0.00859727
300 8 3.4916 -0.0158761
300 12 3.4904 -0.0207243
300 16 3.489 -0.0224078
300 20 3.48762 -0.0206799
300 24 3.48646 -0.0158132
300 28 3.48569 -0.00855282
300 32 3.48542 2.839e-16
300 36 3.48569 0.00855282
300 40 3.48646 0.0158132
300 44 3.48762 0.0206799
300 48 3.489 0.0224078
300 52 3.4904 0.0207243
300 56 3.4916 0.0158761
300 60 3.4924 0.00859727

304 0 3.4925 0
304 4 3.49239 -0.00901985
304 8 3.4921 -0.0166508
304 12 3.49167 -0.0217246
304 16 3.49116 -0.0234754
304 20 3.49067 -0.0216523
304 24 3.49026 -0.0165486
304 28 3.48999 -0.00894759
304 32 3.4899 5.67614e-16
304 36 3.48999 0.00894759
304 40 3.49026 0.0165486
304 44 3.49067 0.0216523
304 48 3.49116 0.0234754
304 52 3.49167 0.0217246
304 56 3.4921 0.0166508
304 60 3.49239 0.00901985

308 0 3.49193 0
308 4 3.49202 -0.00906724
308 8 3.49228 -0.0167351
308 12 3.49267 -0.0218285
308 16 3.49313 -0.0235799
308 20 3.49359 -0.0217417
308 24 3.49398 -0.0166123
308 28 3.49425 -0.00898041
308 32 3.49434 5.67431e-16
308 36 3.49425 0.00898041
308 40 3.49398 0.0166123
308 44 3.49359 0.0217417
308 48 3.49313 0.0235799
308 52 3.49267 0.0218285
308 56 3.49228 0.0167351
308 60 3.49202 0.00906724

312 0 3.49077 0
312 4 3.49106 -0.00872132
312 8 3.49188 -0.0160961
312 12 3.4931 -0.0209939
312 16 3.49454 -0.022677
312 20 3.49598 -0.0209079
312 24 3.49719 -0.0159745
312 28 3.498 -0.00863531
312 32 3.49828 0
312 36 3.498 0.00863531
312 40 3.49719 0.0159745
312 44 3.49598 0.0209079
312 48 3.49454 0.022677
312 52 3.4931 0.0209939
312 56 3.49188 0.0160961
312 60 3.49106 0.00872132

316 0 3.48878 0
316 4 3.48926 -0.00798412
316 8 3.49063 -0.0147374
316 12 3.49267 -0.0192253
316 16 3.49506 -0.0207712
316 20 3.49744 -0.019155
316 24 3.49944 -0.0146379
316 28 3.50078 -0.00791378
316 32 3.50125 -5.67126e-16
316 36 3.50078 0.00791378
316 40 3.49944 0.0146379
316 44 3.49744 0.019155
316 48 3.49506 0.0207712
316 52 3.49267 0.0192253
316 56 3.49063 0.0147374
316 60 3.48926 0.00798412

320 0 3.48579 0
320 4 3.48645 -0.00688059
320 8 3.48831 -0.0127043
320 12 3.49108 -0.0165805
320 16 3.49433 -0.0179232
320 20 3.49757 -0.0165372
320 24 3.5003 -0.012643
320 28 3.50212 -0.00683731
320 32 3.50275 2.83515e-16
320 36 3.50212 0.00683731
320 40 3.5003 0.012643
320 44 3.49757 0.0165372
320 48 3.49433 0.0179232
320 52 3.49108 0.0165805
320 56 3.48831 0.0127043
320 60 3.48645 0.00688059

324 0 3.48167 5.679e-16
324 4 3.48247 -0.00546039
324 8 3.48473 -0.0100872
324 12 3.4881 -0.0131751
324 16 3.49207 -0.0142548
324 20 3.49601 -0.0131644
324 24 3.49934 -0.0100721
324 28 3.50156 -0.00544968
324 32 3.50234 2.26794e-15
324 36 3.50156 0.00544968
324 40 3.49934 0.0100721
324 44 3.49601 0.0131644
324 48 3.49207 0.0142548
324 52 3.4881 0.0131751
324 56 3.48473 0.0100872
324 60 3.48247 0.00546039

328 0 3.47631 0
328 4 3.47721 -0.00379819
328 8 3.47975 -0.00702259
328 12 3.48354 -0.00918411
328 16 3.488 -0.00995177
328 20 3.49245 -0.00920427
328 24 3.4962 -0.00705109
328 28 3.49871 -0.00381834
328 32 3.49959 2.83497e-16
328 36 3.49871 0.00381834
328 40 3.4962 0.00705109
328 44 3.49245 0.00920427
328 48 3.488 0.00995177
328 52 3.48354 0.00918411
328 56 3.47975 0.00702259
328 60 3.47721 0.00379819

332 0 3.46965 -2.55661e-15
332 4 3.47059 -0.00199206
332 8 3.47325 -0.00369012
332 12 3.47723 -0.00483945
332 16 3.48192 -0.00526117
332 20 3.4866 -0.00488184
332 24 3.49056 -0.00375008
332 28 3.4932 -0.00203446
332 32 3.49413 -2.83528e-16
332 36 3.4932 0.00203446
332 40 3.49056 0.00375008
332 44 3.4866 0.00488184
332 48 3.48192 0.00526117
332 52 3.47723 0.00483945
332 56 3.47325 0.00369012
332 60 3.47059 0.00199206

336 0 3.46159 0
336 4 3.46251 -0.000159287
336 8 3.46511 -0.000305451
336 12 3.46902 -0.000420829
336 16 3.47362 -0.000483226
336 20 3.47822 -0.000472025
336 24 3.48212 -0.000377852
336 28 3.48472 -0.000210482
336 32 3.48563 2.83581e-15
336 36 3.48472 0.000210482
336 40 3.48212 0.000377852
336 44 3.47822 0.000472025
336 48 3.47362 0.000483226
336 52 3.46902 0.000420829
336 56 3.46511 0.000305451
336 60 3.46251 0.000159287

340 0 3.45197 -5.68247e-16
340 4 3.4528 0.00157086
340 8 3.45516 0.00289276
340 12 3.4587 0.00376038
340 16 3.46288 0.00404567
340 20 3.46706 0.00371502
340 24 3.47061 0.00282862
340 28 3.47299 0.0015255
340 32 3.47382 1.13458e-15
340 36 3.47299 -0.0015255
340 40 3.47061 -0.00282862
340 44 3.46706 -0.00371502
340 48 3.46288 -0.00404567
340 52 3.4587 -0.00376038
340 56 3.45516 -0.00289276
340 60 3.4528 -0.00157086

344 0 3.44051 0
344 4 3.44119 0.00306729
344 8 3.44312 0.00566162
344 12 3.44601 0.00738553
344 16 3.44944 0.007979
344 20 3.45287 0.00735768
344 24 3.45579 0.00562223
344 28 3.45775 0.00303943
344 32 3.45844 1.13484e-15
344 36 3.45775 -0.00303943
344 40 3.45579 -0.00562223
344 44 3.45287 -0.00735768
344 48 3.44944 -0.007979
344 52 3.44601 -0.00738553
344 56 3.44312 -0.00566162
344 60 3.44119 -0.00306729

348 0 3.42677 0
348 4 3.42724 0.00420995
348 8 3.42858 0.00777792
348 12 3.43059 0.0101602
348 16 3.43298 0.0109946
348 20 3.43537 0.0101551
348 24 3.43742 0.00777072
348 28 3.43878 0.00420486
348 32 3.43927 2.55376e-15
348 36 3.43878 -0.00420486
348 40 3.43742 -0.00777072
348 44 3.43537 -0.0101551
348 48 3.43298 -0.0109946
348 52 3.43059 -0.0101602
348 56 3.42858 -0.00777792
348 60 3.42724 -0.00420995

352 0 3.41015 1.98733e-15
352 4 3.41037 0.00490418
352 8 3.41101 0.00906503
352 12 3.41198 0.0118505
352 16 3.41312 0.0128351
352 20 3.41427 0.0118656
352 24 3.41526 0.00908646
352 28 3.41592 0.00491933
352 32 3.41615 0
352 36 3.41592 -0.00491933
352 40 3.41526 -0.00908646
352 44 3.41427 -0.0118656
352 48 3.41312 -0.0128351
352 52 3.41198 -0.0118505
352 56 3.41101 -0.00906503
352 60 3.41037 -0.00490418

356 0 3.39 0
356 4 3.38997 0.00509477
356 8 3.38986 0.00941963
356 12 3.38971 0.0123185
356 16 3.38953 0.0133478
356 20 3.38935 0.012345
356 24 3.3892 0.00945706
356 28 3.3891 0.00512124
356 32 3.38907 1.13478e-15
356 36 3.3891 -0.00512124
356 40 3.3892 -0.00945706
356 44 3.38935 -0.012345
356 48 3.38953 -0.0133478
356 52 3.38971 -0.0123185
356 56 3.38986 -0.00941963
356 60 3.38997 -0.00509477

360 0 3.36574 -2.83449e-16
360 4 3.36546 0.00477764
360 8 3.36465 0.00883358
360 12 3.36343 0.0115527
360 16 3.36198 0.0125187
360 20 3.36054 0.0115789
360 24 3.35931 0.00887064
360 28 3.35849 0.00480384
360 32 3.3582 -2.83562e-15
360 36 3.35849 -0.00480384
360 40 3.35931 -0.00887064
360 44 3.36054 -0.0115789
360 48 3.36198 -0.0125187
360 52 3.36343 -0.0115527
360 56 3.36465 -0.00883358
360 60 3.36546 -0.00477764

364 0 3.33706 -2.83127e-16
364 4 3.33657 0.00400617
364 8 3.33517 0.007406
364 12 3.33306 0.00968335
364 16 3.33058 0.0104901
364 20 3.32808 0.00969978
364 24 3.32596 0.00742924
364 28 3.32454 0.00402261
364 32 3.32405 -2.83344e-16
364 36 3.32454 -0.00402261
364 40 3.32596 -0.00742924
364 44 3.32808 -0.00969978
364 48 3.33058 -0.0104901
364 52 3.33306 -0.00968335
364 56 3.33517 -0.007406
364 60 3.33657 -0.00400617

368 0 3.30408 -2.26209e-15
368 4 3.30345 0.00289003
368 8 3.30165 0.0053407
368 12 3.29896 0.00697915
368 16 3.29578 0.00755569
368 20 3.2926 0.00698194
368 24 3.28989 0.00534465
368 28 3.28808 0.00289283
368 32 3.28744 0
368 36 3.28808 -0.00289283
368 40 3.28989 -0.00534465
368 44 3.2926 -0.00698194
368 48 3.29578 -0.00755569
368 52 3.29896 -0.00697915
368 56 3.30165 -0.0053407
368 60 3.30345 -0.00289003

372 0 3.26748 -5.64751e-16
372 4 3.2668 0.00158436
372 8 3.26486 0.00292575
372 12 3.26196 0.0038192
372 16 3.25853 0.00412943
372 20 3.25509 0.00381097
372 24 3.25218 0.00291411
372 28 3.25023 0.00157613
372 32 3.24955 5.65376e-16
372 36 3.25023 -0.00157613
372 40 3.25218 -0.00291411
372 44 3.25509 -0.00381097
372 48 3.25853 -0.00412943
372 52 3.26196 -0.0038192
372 56 3.26486 -0.00292575
372 60 3.2668 -0.00158436

376 0 3.22843 -3.10204e-15
376 4 3.22779 0.000269435
376 8 3.22597 0.000495164
376 12 3.22326 0.000641705
376 16 3.22005 0.000687858
376 20 3.21684 0.000629286
376 24 3.21412 0.000477601
376 28 3.21231 0.000257016
376 32 3.21167 -1.41148e-15
376 36 3.21231 -0.000257016
376 40 3.21412 -0.000477601
376 44 3.21684 -0.000629286
376 48 3.22005 -0.000687858
376 52 3.22326 -0.000641705
376 56 3.22597 -0.000495164
376 60 3.22779 -0.000269435

380 0 3.18836 -1.4084e-15
380 4 3.18785 -0.000877189
380 8 3.1864 -0.00162292
380 12 3.18422 -0.00212451
380 16 3.18166 -0.00230475
380 20 3.1791 -0.0021341
380 24 3.17693 -0.00163648
380 28 3.17549 -0.000886777
380 32 3.17498 2.81915e-16
380 36 3.17549 0.000886777
380 40 3.17693 0.00163648
380 44 3.1791 0.0021341
380 48 3.18166 0.00230475
380 52 3.18422 0.00212451
380 56 3.1864 0.00162292
380 60 3.18785 0.000877189

384 0 3.14868 -5.62877e-16
384 4 3.14835 -0.00171114
384 8 3.14743 -0.00316245
384 12 3.14605 -0.00413325
384 16 3.14443 -0.00447547
384 20 3.14281 -0.00413633
384 24 3.14144 -0.0031668
384 28 3.14053 -0.00171422
384 32 3.1402 -2.81587e-16
384 36 3.14053 0.00171422
384 40 3.14144 0.0031668
384 44 3.14281 0.00413633
384 48 3.14443 0.00447547
384 52 3.14605 0.00413325
384 56 3.14743 0.00316245
384 60 3.14835 0.00171114

388 0 3.11035 -1.96917e-15
388 4 3.11023 -0.00214762
388 8 3.10991 -0.00396771
388 12 3.10943 -0.00518293
388 16 3.10887 -0.00560851
388 20 3.1083 -0.00518025
388 24 3.10783 -0.00396392
388 28 3.10751 -0.00214495
388 32 3.1074 1.40681e-15
388 36 3.10751 0.00214495
388 40 3.10783 0.00396392
388 44 3.1083 0.00518025
388 48 3.10887 0.00560851
388 52 3.10943 0.00518293
388 56 3.10991 0.00396771
388 60 3.11023 0.00214762

392 0 3.0737 0
392 4 3.07378 -0.00217649
392 8 3.07402 -0.00402058
392 12 3.07437 -0.00525109
392 16 3.07479 -0.00568111
392 20 3.07521 -0.00524624
392 24 3.07556 -0.00401372
392 28 3.0758 -0.00217164
392 32 3.07588 -1.1251e-15
392 36 3.0758 0.00217164
392 40 3.07556 0.00401372
392 44 3.07521 0.00524624
392 48 3.07479 0.00568111
392 52 3.07437 0.00525109
392 56 3.07402 0.00402058
392 60 3.07378 0.00217649

396 0 3.03834 2.81461e-16
396 4 3.03857 -0.00186098
396 8 3.03923 -0.00343788
396 12 3.04021 -0.00449031
396 16 3.04137 -0.00485837
396 20 3.04252 -0.00448678
396 24 3.0435 -0.00343289
396 28 3.04416 -0.00185745
396 32 3.04439 -1.12544e-15
396 36 3.04416 0.00185745
396 40 3.0435 0.00343289
396 44 3.04252 0.00448678
396 48 3.04137 0.00485837
396 52 3.04021 0.00449031
396 56 3.03923 0.00343788
396 60 3.03857 0.00186098

400 0 3.00334 2.81758e-15
400 4 3.00365 -0.00131879
400 8 3.00453 -0.00243663
400 12 3.00585 -0.00318327
400 16 3.00741 -0.0034451
400 20 3.00897 -0.00318245
400 24 3.01028 -0.00243548
400 28 3.01116 -0.00131797
400 32 3.01147 -1.12651e-15
400 36 3.01116 0.00131797
400 40 3.01028 0.00243548
400 44 3.00897 0.00318245
400 48 3.00741 0.0034451
400 52 3.00585 0.00318327
400 56 3.00453 0.00243663
400 60 3.00365 0.00131879

404 0 2.96765 -1.12879e-15
404 4 2.96797 -0.000690209
404 8 2.96887 -0.00127558
404 12 2.97023 -0.00166709
404 16 2.97183 -0.00180504
404 20 2.97343 -0.00166819
404 24 2.97478 -0.00127713
404 28 2.97568 -0.000691306
404 32 2.976 -5.64145e-16
404 36 2.97568 0.000691306
404 40 2.97478 0.00127713
404 44 2.97343 0.00166819
404 48 2.97183 0.00180504
404 52 2.97023 0.00166709
404 56 2.96887 0.00127558
404 60 2.96797 0.000690209

408 0 2.93061 0
408 4 2.93088 -0.000102363
408 8 2.93165 -0.000189451
408 12 2.93281 -0.000248133
408 16 2.93417 -0.000269349
408 20 2.93553 -0.000249558
408 24 2.93669 -0.000191465
408 28 2.93746 -0.000103787
408 32 2.93773 1.13068e-15
408 36 2.93746 0.000103787
408 40 2.93669 0.000191465
408 44 2.93553 0.000249558
408 48 2.93417 0.000269349
408 52 2.93281 0.000248133
408 56 2.93165 0.000189451
408 60 2.93088 0.000102363

412 0 2.89258 5.66822e-16
412 4 2.89277 0.000358933
412 8 2.89332 0.000663066
412 12 2.89415 0.000866031
412 16 2.89512 0.000936994
412 20 2.89609 0.000865308
412 24 2.89692 0.000662044
412 28 2.89747 0.000358211
412 32 2.89766 0
412 36 2.89747 -0.000358211
412 40 2.89692 -0.000662044
412 44 2.89609 -0.000865308
412 48 2.89512 -0.000936994
412 52 2.89415 -0.000866031
412 56 2.89332 -0.000663066
412 60 2.89277 -0.000358933

416 0 2.85531 0
416 4 2.85542 0.000660748
416 8 2.85574 0.00122092
416 12 2.85622 0.00159525
416 16 2.85679 0.00172673
416 20 2.85735 0.00159533
416 24 2.85783 0.00122104
416 28 2.85815 0.00066083
416 32 2.85826 1.42059e-15
416 36 2.85815 -0.00066083
416 40 2.85783 -0.00122104
416 44 2.85735 -0.00159533
416 48 2.85679 -0.00172673
416 52 2.85622 -0.00159525
416 56 2.85574 -0.00122092
416 60 2.85542 -0.000660748

420 0 2.822 2.84785e-16
420 4 2.82205 0.000815286
420 8 2.82218 0.00150656
420 12 2.82237 0.00196864
420 16 2.8226 0.00213111
420 20 2.82283 0.00196915
420 24 2.82303 0.00150728
420 28 2.82316 0.000815796
420 32 2.82321 0
420 36 2.82316 -0.000815796
420 40 2.82303 -0.00150728
420 44 2.82283 -0.00196915
420 48 2.8226 -0.00213111
420 52 2.82237 -0.00196864
420 56 2.82218 -0.00150656
420 60 2.82205 -0.000815286

424 0 2.79687 0
424 4 2.79687 0.000858302
424 8 2.79687 0.00158606
424 12 2.79686 0.00207254
424 16 2.79686 0.00224362
424 20 2.79686 0.00207312
424 24 2.79685 0.00158689
424 28 2.79685 0.000858887
424 32 2.79685 1.71258e-15
424 36 2.79685 -0.000858887
424 40 2.79685 -0.00158689
424 44 2.79686 -0.00207312
424 48 2.79686 -0.00224362
424 52 2.79686 -0.00207254
424 56 2.79687 -0.00158606
424 60 2.79687 -0.000858302

428 0 2.78431 2.85801e-16
428 4 2.78428 0.000824911
428 8 2.78418 0.00152433
428 12 2.78405 0.00199182
428 16 2.78388 0.00215617
428 20 2.78372 0.00199226
428 24 2.78358 0.00152495
428 28 2.78348 0.00082535
428 32 2.78345 -8.57556e-16
428 36 2.78348 -0.00082535
428 40 2.78358 -0.00152495
428 44 2.78372 -0.00199226
428 48 2.78388 -0.00215617
428 52 2.78405 -0.00199182
428 56 2.78418 -0.00152433
428 60 2.78428 -0.000824911

432 0 2.78795 -1.71609e-15
432 4 2.78789 0.000733865
432 8 2.78772 0.00135602
432 12 2.78747 0.00177176
432 16 2.78716 0.00191778
432 20 2.78686 0.00177184
432 24 2.7866 0.00135613
432 28 2.78643 0.00073394
432 32 2.78637 2.86042e-16
432 36 2.78643 -0.00073394
432 40 2.7866 -0.00135613
432 44 2.78686 -0.00177184
432 48 2.78716 -0.00191778
432 52 2.78747 -0.00177176
432 56 2.78772 -0.00135602
432 60 2.78789 -0.000733865

436 0 2.8099 0
436 4 2.80981 0.000585393
436 8 2.80955 0.00108155
436 12 2.80916 0.00141289
436 16 2.8087 0.00152901
436 20 2.80824 0.00141236
436 24 2.80785 0.0010808
436 28 2.80759 0.000584861
436 32 2.8075 0
436 36 2.80759 -0.000584861
436 40 2.80785 -0.0010808
436 44 2.80824 -0.00141236
436 48 2.8087 -0.00152901
436 52 2.80916 -0.00141289
436 56 2.80955 -0.00108155
436 60 2.80981 -0.000585393

440 0 2.85039 -2.8569e-16
440 4 2.85026 0.000370067
440 8 2.8499 0.000683532
440 12 2.84936 0.000892562
440 16 2.84872 0.000965444
440 20 2.84808 0.000891345
440 24 2.84754 0.000681811
440 28 2.84717 0.000368851
440 32 2.84705 1.14259e-15
440 36 2.84717 -0.000368851
440 40 2.84754 -0.000681811
440 44 2.84808 -0.000891345
440 48 2.84872 -0.000965444
440 52 2.84936 -0.000892562
440 56 2.8499 -0.000683532
440 60 2.85026 -0.000370067

444 0 2.90791 -1.14063e-15
444 4 2.90775 8.1775e-05
444 8 2.90728 0.000150763
444 12 2.90659 0.000196321
444 16 2.90577 0.000211653
444 20 2.90495 0.000194763
444 24 2.90425 0.000148561
444 28 2.90379 8.02179e-05
444 32 2.90362 1.14034e-15
444 36 2.90379 -8.02179e-05
444 40 2.90425 -0.000148561
444 44 2.90495 -0.000194763
444 48 2.90577 -0.000211653
444 52 2.90659 -0.000196321
444 56 2.90728 -0.000150763
444 60 2.90775 -8.1775e-05

448 0 2.97964 -2.84419e-15
448 4 2.97945 -0.000271802
448 8 2.9789 -0.000502455
448 12 2.97809 -0.000656938
448 16 2.97713 -0.000711638
448 20 2.97617 -0.000657996
448 24 2.97535 -0.000503951
448 28 2.97481 -0.00027286
448 32 2.97462 1.70596e-15
448 36 2.97481 0.00027286
448 40 2.97535 0.000503951
448 44 2.97617 0.000657996
448 48 2.97713 0.000711638
448 52 2.97809 0.000656938
448 56 2.9789 0.000502455
448 60 2.97945 0.000271802

452 0 3.0619 1.41759e-15
452 4 3.0617 -0.000664659
452 8 3.06112 -0.00122802
452 12 3.06026 -0.00160426
452 16 3.05925 -0.00173616
452 20 3.05824 -0.00160375
452 24 3.05739 -0.00122729
452 28 3.05682 -0.000664142
452 32 3.05662 -2.83418e-16
452 36 3.05682 0.000664142
452 40 3.05739 0.00122729
452 44 3.05824 0.00160375
452 48 3.05925 0.00173616
452 52 3.06026 0.00160426
452 56 3.06112 0.00122802
452 60 3.0617 0.000664659

456 0 3.15069 0
456 4 3.1505 -0.00105421
456 8 3.14997 -0.00194731
456 12 3.14917 -0.00254308
456 16 3.14824 -0.00275107
456 20 3.1473 -0.00254024
456 24 3.1465 -0.00194329
456 28 3.14597 -0.00105137
456 32 3.14579 -2.82417e-16
456 36 3.14597 0.00105137
456 40 3.1465 0.00194329
456 44 3.1473 0.00254024
456 48 3.14824 0.00275107
456 52 3.14917 0.00254308
456 56 3.14997 0.00194731
456 60 3.1505 0.00105421

460 0 3.24204 0
460 4 3.24189 -0.0013878
460 8 3.24148 -0.00256325
460 12 3.24086 -0.00334693
460 16 3.24013 -0.00362
460 20 3.2394 -0.00334196
460 24 3.23878 -0.00255622
460 28 3.23837 -0.00138283
460 32 3.23823 -8.44123e-16
460 36 3.23837 0.00138283
460 40 3.23878 0.00255622
460 44 3.2394 0.00334196
460 48 3.24013 0.00362
460 52 3.24086 0.00334693
460 56 3.24148 0.00256325
460 60 3.24189 0.0013878

464 0 3.33225 2.80373e-16
464 4 3.33217 -0.00161189
464 8 3.33195 -0.00297716
464 12 3.33161 -0.00388745
464 16 3.33122 -0.0042047
464 20 3.33083 -0.00388182
464 24 3.33049 -0.00296919
464 28 3.33027 -0.00160625
464 32 3.33019 0
464 36 3.33027 0.00160625
464 40 3.33049 0.00296919
464 44 3.33083 0.00388182
464 48 3.33122 0.0042047
464 52 3.33161 0.00388745
464 56 3.33195 0.00297716
464 60 3.33217 0.00161189

468 0 3.41809 5.58693e-16
468 4 3.41809 -0.00168169
468 8 3.41812 -0.00310655
468 12 3.41815 -0.00405729
468 16 3.41819 -0.00438954
468 20 3.41823 -0.00405351
468 24 3.41826 -0.00310119
468 28 3.41827 -0.00167791
468 32 3.41828 -2.7936e-16
468 36 3.41827 0.00167791
468 40 3.41826 0.00310119
468 44 3.41823 0.00405351
468 48 3.41819 0.00438954
468 52 3.41815 0.00405729
468 56 3.41812 0.00310655
468 60 3.41809 0.00168169

472 0 3.49692 2.22722e-15
472 4 3.49702 -0.00156954
472 8 3.49732 -0.00290031
472 12 3.49776 -0.00378978
472 16 3.49827 -0.00410245
472 20 3.49878 -0.00379056
472 24 3.49921 -0.00290142
472 28 3.4995 -0.00157032
472 32 3.4996 -2.78465e-16
472 36 3.4995 0.00157032
472 40 3.49921 0.00290142
472 44 3.49878 0.00379056
472 48 3.49827 0.00410245
472 52 3.49776 0.00378978
472 56 3.49732 0.00290031
472 60 3.49702 0.00156954

476 0 3.56679 0
476 4 3.56699 -0.00127021
476 8 3.56754 -0.00234859
476 12 3.56837 -0.00307158
476 16 3.56935 -0.00332849
476 20 3.57032 -0.00307866
476 24 3.57114 -0.00235859
476 28 3.57169 -0.00127729
476 32 3.57188 0
476 36 3.57169 0.00127729
476 40 3.57114 0.00235859
476 44 3.57032 0.00307866
476 48 3.56935 0.00332849
476 52 3.56837 0.00307158
476 56 3.56754 0.00234859
476 60 3.56699 0.00127021

480 0 3.6265 0
480 4 3.62677 -0.000802383
480 8 3.62755 -0.00148544
480 12 3.62871 -0.00194635
480 16 3.63007 -0.00211377
480 20 3.63143 -0.00195939
480 24 3.63258 -0.00150388
480 28 3.63335 -0.00081542
480 32 3.63362 8.31069e-16
480 36 3.63335 0.00081542
480 40 3.63258 0.00150388
480 44 3.63143 0.00195939
480 48 3.63007 0.00211377
480 52 3.62871 0.00194635
480 56 3.62755 0.00148544
480 60 3.62677 0.000802383

484 0 3.67561 0
484 4 3.67593 -0.000205983
484 8 3.67686 -0.000384106
484 12 3.67824 -0.000508704
484 16 3.67987 -0.000559365
484 20 3.6815 -0.000524875
484 24 3.68289 -0.000406974
484 28 3.68381 -0.000222154
484 32 3.68413 5.52986e-16
484 36 3.68381 0.000222154
484 40 3.68289 0.000406974
484 44 3.6815 0.000524875
484 48 3.67987 0.000559365
484 52 3.67824 0.000508704
484 56 3.67686 0.000384106
484 60 3.67593 0.000205983

488 0 3.71443 0
488 4 3.71477 0.000463928
488 8 3.71576 0.000854109
488 12 3.71724 0.00110984
488 16 3.71899 0.00119346
488 20 3.72074 0.00109538
488 24 3.72223 0.000833658
488 28 3.72322 0.000449467
488 32 3.72357 1.9326e-15
488 36 3.72322 -0.000449467
488 40 3.72223 -0.000833658
488 44 3.72074 -0.00109538
488 48 3.71899 -0.00119346
488 52 3.71724 -0.00110984
488 56 3.71576 -0.000854109
488 60 3.71477 -0.000463928

492 0 3.74388 1.10241e-15
492 4 3.74422 0.00114537
492 8 3.74518 0.00211481
492 12 3.74662 0.0027601
492 16 3.74833 0.0029836
492 20 3.75004 0.00275286
492 24 3.7515 0.00210458
492 28 3.75247 0.00113813
492 32 3.75281 2.75787e-15
492 36 3.75247 -0.00113813
492 40 3.7515 -0.00210458
492 44 3.75004 -0.00275286
492 48 3.74833 -0.0029836
492 52 3.74662 -0.0027601
492 56 3.74518 -0.00211481
492 60 3.74422 -0.00114537

496 0 3.76534 0
496 4 3.76564 0.00177887
496 8 3.7665 0.0032879
496 12 3.76778 0.00429772
496 16 3.76929 0.00465422
496 20 3.77082 0.00430214
496 24 3.77212 0.00329415
496 28 3.77299 0.00178329
496 32 3.77329 0
496 36 3.77299 -0.00178329
496 40 3.77212 -0.00329415
496 44 3.77082 -0.00430214
496 48 3.76929 -0.00465422
496 52 3.76778 -0.00429772
496 56 3.7665 -0.0032879
496 60 3.76564 -0.00177887

500 0 3.78039 -2.75301e-16
500 4 3.78063 0.00231964
500 8 3.78131 0.00428998
500 12 3.78233 0.00561265
500 16 3.78354 0.00608471
500 20 3.78476 0.00563045
500 24 3.7858 0.00431515
500 28 3.7865 0.00233744
500 32 3.78674 1.92803e-15
500 36 3.7865 -0.00233744
500 40 3.7858 -0.00431515
500 44 3.78476 -0.00563045
500 48 3.78354 -0.00608471
500 52 3.78233 -0.00561265
500 56 3.78131 -0.00428998
500 60 3.78063 -0.00231964

504 0 3.79063 2.75249e-15
504 4 3.79079 0.00273564
504 8 3.79126 0.00506116
504 12 3.79196 0.00662518
504 16 3.79279 0.00718699
504 20 3.79362 0.0066547
504 24 3.79433 0.00510291
504 28 3.79481 0.00276516
504 32 3.79498 1.65203e-15
504 36 3.79481 -0.00276516
504 40 3.79433 -0.00510291
504 44 3.79362 -0.0066547
504 48 3.79279 -0.00718699
504 52 3.79196 -0.00662518
504 56 3.79126 -0.00506116
504 60 3.79079 -0.00273564

508 0 3.79762 2.75236e-16
508 4 3.7977 0.0027726
508 8 3.79792 0.00513054
508 12 3.79825 0.00671794
508 16 3.79864 0.00729011
508 20 3.79904 0.00675248
508 24 3.79937 0.00517938
508 28 3.7996 0.00280714
508 32 3.79968 -1.37638e-15
508 36 3.7996 -0.00280714
508 40 3.79937 -0.00517938
508 44 3.79904 -0.00675248
508 48 3.79864 -0.00729011
508 52 3.79825 -0.00671794
508 56 3.79792 -0.00513054
508 60 3.7977 -0.0027726

