0 -0.24869
1 -0.535924
2 -0.796954
3 -0.95814
4 -0.999027
5 -0.914689
6 -0.71559
7 -0.426732
8 -0.0846068
9 0.268127
10 0.586743
11 0.831582
12 0.971583
13 0.989338
14 0.882511
15 0.66463
16 0.362879
17 0.0155591
18 -0.334299
19 -0.641866
20 -0.869566
21 -0.987552
22 -0.982325
23 -0.853156
24 -0.617709
25 -0.304068
26 0.0467326
27 0.3924
28 0.68749
29 0.897172
30 0.992583
31 0.964506
32 0.813458
33 0.56164
34 0.237321
35 -0.115273
36 -0.455315
37 -0.736653
38 -0.927224
39 -0.999948
40 -0.948652
41 -0.776958
42 -0.509148
43 -0.176284
44 0.177364
45 0.509554
46 0.776711
47 0.946581
48 0.997137
49 0.921978
50 0.731371
51 0.447671
52 0.10888
53 -0.245482
54 -0.567184
55 -0.820059
56 -0.967611
57 -0.996344
58 -0.897411
59 -0.688531
60 -0.390738
61 -0.0464963
62 0.305715
63 0.617209
64 0.852793
65 0.979535
66 0.984041
67 0.864172
68 0.635465
69 0.327384
70 -0.0233191
71 -0.369368
72 -0.671672
73 -0.886756
74 -0.993991
75 -0.97284
76 -0.83335
77 -0.585721
78 -0.267931
79 0.0860815
80 0.42704
81 0.715389
82 0.913322
83 0.995667
84 0.954296
85 0.790332
86 0.530113
87 0.199279
88 -0.152638
89 -0.489768
90 -0.761521
91 -0.941308
92 -1.00015
93 -0.935391
94 -0.752469
95 -0.474772
96 -0.139185
97 0.216389
98 0.540925
99 0.80096
100 0.953199
101 0.988615
102 0.897485
103 0.699722
104 0.415718
105 0.085933
106 -0.24895
107 -0.548155
108 -0.77183
109 -0.898278
110 -0.907426
111 -0.806754
112 -0.604349
113 -0.33286
114 -0.0230971
115 0.283104
116 0.548231
117 0.741236
118 0.836355
119 0.827713
120 0.713201
121 0.514136
122 0.252146
123 -0.0353283
124 -0.314204
125 -0.549295
126 -0.710953
127 -0.782888
128 -0.754048
129 -0.634047
130 -0.435241
131 -0.187426
132 0.0801467
133 0.33266
134 0.538464
135 0.674565
136 0.722266
137 0.680773
138 0.553174
139 0.360055
140 0.124501
141 -0.122524
142 -0.349436
143 -0.530152
144 -0.640148
145 -0.670205
146 -0.614861
147 -0.484975
148 -0.296712
149 -0.0746073
150 0.151781
151 0.356436
152 0.511353
153 0.600979
154 0.612947
155 0.548482
156 0.416876
157 0.234582
158 0.0273552
159 -0.18117
160 -0.362359
161 -0.496108
162 -0.565591
163 -0.563035
164 -0.491424
165 -0.358696
166 -0.18499
167 0.00953104
168 0.198822
169 0.359663
170 0.47339
171 0.524814
172 0.510941
173 0.432444
174 0.301801
175 0.135728
176 -0.0451069
177 -0.216246
178 -0.35869
179 -0.453076
180 -0.489946
181 -0.465288
182 -0.382549
183 -0.254714
184 -0.0964301
185 0.0701007
186 0.225165
187 0.349505
188 0.427182
189 0.451102
190 0.417223
191 0.332415
192 0.207422
193 0.0581582
194 -0.0949681
195 -0.234685
196 -0.342012
197 -0.405234
198 -0.417205
199 -0.376313
200 -0.290315
201 -0.168911
202 -0.0291389
203 0.111527
204 0.236338
205 0.328417
206 0.378646
207 0.380188
208 0.334063
209 0.247601
210 0.130764
211 0.000391783
212 -0.128269
213 -0.238925
214 -0.317293
215 -0.355718
216 -0.348454
217 -0.298296
218 -0.212195
219 -0.10054
220 0.0206946
221 0.137748
222 0.23531
223 0.301266
224 0.329188
225 0.314645
226 0.26147
227 0.176639
228 0.0705484
229 -0.0417242
230 -0.147571
231 -0.233084
232 -0.287705
233 -0.306366
234 -0.285819
235 -0.230456
236 -0.14764
237 -0.0472809
238 0.0563029
239 0.151455
240 0.226004
241 0.270377
242 0.280967
243 0.255652
244 0.198876
245 0.118724
246 0.0243084
247 -0.0709231
248 -0.155829
249 -0.220344
250 -0.255545
251 -0.258974
252 -0.229996
253 -0.172468
254 -0.0952934
255 -0.00704991
256 0.0803472
257 0.155622
258 0.210858
259 0.238181
260 0.235267
261 0.203549
262 0.14618
263 0.0720116
264 -0.00978084
265 -0.0896062
266 -0.156177
267 -0.202497
268 -0.223084
269 -0.214835
270 -0.180652
271 -0.12446
272 -0.0533295
273 0.022395
274 0.0944345
275 0.153488
276 0.191673
277 0.205928
278 0.193956
279 0.157565
280 0.102853
281 0.0357145
282 -0.0348212
283 -0.0991757
284 -0.150746
285 -0.182442
286 -0.190428
287 -0.1753
288 -0.138186
289 -0.0843293
290 -0.0216369
291 0.0432068
292 0.101474
293 0.145451
294 0.171186
295 0.174904
296 0.156293
297 0.119247
298 0.0676342
299 0.00819643
300 -0.0504805
301 -0.102279
302 -0.140579
303 -0.159961
304 -0.159576
305 -0.139366
306 -0.101451
307 -0.0521227
308 0.00284212
309 0.0571373
310 0.102756
311 0.134809
312 0.150125
313 0.145849
314 0.123531
315 0.0868422
316 0.0393781
317 -0.0121015
318 -0.0605068
319 -0.101084
320 -0.128326
321 -0.138399
322 -0.131567
323 -0.108509
324 -0.0716059
325 -0.0268924
326 0.0202238
327 0.0647383
328 0.100025
329 0.121928
330 0.129004
331 0.11964
332 0.0950981
333 0.0598679
334 0.0177521
335 -0.0263841
336 -0.0658013
337 -0.0961334
338 -0.11458
339 -0.117928
340 -0.106086
341 -0.0818723
342 -0.0476399
343 -0.00742986
344 0.0324527
345 0.0675127
346 0.0943055
347 0.10856
348 0.108643
349 0.0959256
350 0.071519
351 0.0380207
352 0.000907985
353 -0.0352237
354 -0.0669601
355 -0.089637
356 -0.100003
357 -0.0981249
358 -0.0843412
359 -0.0595042
360 -0.0276469
361 0.00648524
362 0.0397034
363 0.0679187
364 0.0865754
365 0.0940774
366 0.090521
367 0.0755604
368 0.0509198
369 0.0209952
370 -0.0105909
371 -0.0409263
372 -0.0655691
373 -0.0807895
374 -0.0858586
375 -0.0806615
376 -0.0648872
377 -0.0407978
378 -0.0126408
379 0.0165136
380 0.0439267
381 0.0653858
382 0.0776803
383 0.0804682
384 0.0738953
385 0.0578241
386 0.0344173
387 0.00784819
388 -0.0187897
389 -0.0432289
390 -0.0619432
391 -0.0717556
392 -0.0723054
393 -0.0644967
394 -0.0486037
395 -0.0260783
396 -0.000790445
397 0.0235128
398 0.0448264
399 0.0609839
400 0.0690159
401 0.0677079
402 0.0584547
403 0.0428559
404 0.0218947
405 -0.00200354
406 -0.0247329
407 -0.0431846
408 -0.0561958
409 -0.0625769
410 -0.0606072
411 -0.0502685
412 -0.0340007
413 -0.0144491
414 0.0068303
415 0.0277905
416 0.044982
417 0.0555538
418 0.0590025
419 0.0559342
420 0.046347
421 0.0305296
422 0.0108096
423 -0.00920138
424 -0.0269413
425 -0.0412981
426 -0.0509362
427 -0.0538131
428 -0.0489715
429 -0.0378064
430 -0.0227882
431 -0.0055959
432 0.0126604
433 0.0298966
434 0.0430124
435 0.0497738
436 0.0500808
437 0.0450007
438 0.0351633
439 0.0208407
440 0.00340386
441 -0.0141778
442 -0.0287676
443 -0.0387407
444 -0.0439603
445 -0.0444041
446 -0.0394596
447 -0.0288439
448 -0.0138908
449 0.00254103
450 0.017581
451 0.0296566
452 0.038327
453 0.04314
454 0.0430495
455 0.0371409
456 0.0258529
457 0.0113178
458 -0.00360593
459 -0.016718
460 -0.0270608
461 -0.0343711
462 -0.0381647
463 -0.0374636
464 -0.0314574
465 -0.0204694
466 -0.00633164
467 0.00819979
468 0.0205745
469 0.0293295
470 0.0342011
471 0.0355592
472 0.0337034
473 0.0285651
474 0.0199792
475 0.0082658
476 -0.00533204
477 -0.0186826
478 -0.0292944
479 -0.0350835
480 -0.0350243
481 -0.0294189
482 -0.0197219
483 -0.00804295
484 0.00345283
485 0.0130421
486 0.019716
487 0.0232107
488 0.0238574
489 0.0223441
490 0.0194773
491 0.0159998
492 0.0124859
493 0.00930878
494 0.00665756
495 0.0045814
496 0.00303937
497 0.00194428
498 0.00119449
499 0.00069316
